#  Mixed convection heat transfer in the boundary                   layers on an exponentially stretching surface with magnetic field   
#	   eta            f              f'           f''          theta         dtheta
  0.00000e+00   0.00000e+00   1.00000e+00  -1.38093e+00   1.00000e+00   6.66659e+00 
  7.50000e-03   7.46130e-03   9.89700e-01  -1.36588e+00   1.04926e+00   6.47100e+00 
  7.79201e-03   7.75024e-03   9.89301e-01  -1.36530e+00   1.05115e+00   6.46348e+00 
  8.09538e-03   8.05031e-03   9.88887e-01  -1.36470e+00   1.05311e+00   6.45567e+00 
  8.41057e-03   8.36193e-03   9.88457e-01  -1.36407e+00   1.05514e+00   6.44757e+00 
  8.73803e-03   8.68554e-03   9.88010e-01  -1.36342e+00   1.05725e+00   6.43917e+00 
  9.07824e-03   9.02159e-03   9.87546e-01  -1.36275e+00   1.05944e+00   6.43045e+00 
  9.43170e-03   9.37056e-03   9.87065e-01  -1.36205e+00   1.06171e+00   6.42139e+00 
  9.79891e-03   9.73293e-03   9.86565e-01  -1.36132e+00   1.06407e+00   6.41200e+00 
  1.01804e-02   1.01092e-02   9.86046e-01  -1.36056e+00   1.06652e+00   6.40225e+00 
  1.05768e-02   1.05000e-02   9.85506e-01  -1.35978e+00   1.06905e+00   6.39214e+00 
  1.09886e-02   1.09057e-02   9.84947e-01  -1.35896e+00   1.07168e+00   6.38164e+00 
  1.14164e-02   1.13269e-02   9.84365e-01  -1.35812e+00   1.07441e+00   6.37076e+00 
  1.18609e-02   1.17643e-02   9.83762e-01  -1.35724e+00   1.07724e+00   6.35946e+00 
  1.23227e-02   1.22185e-02   9.83135e-01  -1.35633e+00   1.08017e+00   6.34775e+00 
  1.28025e-02   1.26900e-02   9.82485e-01  -1.35538e+00   1.08322e+00   6.33559e+00 
  1.33009e-02   1.31796e-02   9.81810e-01  -1.35440e+00   1.08637e+00   6.32298e+00 
  1.38188e-02   1.36878e-02   9.81108e-01  -1.35338e+00   1.08964e+00   6.30991e+00 
  1.43568e-02   1.42155e-02   9.80381e-01  -1.35232e+00   1.09303e+00   6.29634e+00 
  1.49158e-02   1.47633e-02   9.79625e-01  -1.35123e+00   1.09655e+00   6.28228e+00 
  1.54965e-02   1.53320e-02   9.78841e-01  -1.35009e+00   1.10019e+00   6.26769e+00 
  1.60999e-02   1.59223e-02   9.78026e-01  -1.34891e+00   1.10397e+00   6.25257e+00 
  1.67267e-02   1.65351e-02   9.77181e-01  -1.34768e+00   1.10788e+00   6.23689e+00 
  1.73780e-02   1.71712e-02   9.76304e-01  -1.34641e+00   1.11194e+00   6.22063e+00 
  1.80546e-02   1.78315e-02   9.75393e-01  -1.34509e+00   1.11614e+00   6.20378e+00 
  1.87575e-02   1.85168e-02   9.74448e-01  -1.34372e+00   1.12050e+00   6.18631e+00 
  1.94878e-02   1.92281e-02   9.73468e-01  -1.34230e+00   1.12501e+00   6.16820e+00 
  2.02466e-02   1.99663e-02   9.72450e-01  -1.34082e+00   1.12968e+00   6.14943e+00 
  2.10349e-02   2.07325e-02   9.71393e-01  -1.33929e+00   1.13452e+00   6.12998e+00 
  2.18538e-02   2.15276e-02   9.70297e-01  -1.33770e+00   1.13953e+00   6.10983e+00 
  2.27047e-02   2.23527e-02   9.69160e-01  -1.33606e+00   1.14472e+00   6.08895e+00 
  2.35887e-02   2.32089e-02   9.67979e-01  -1.33435e+00   1.15010e+00   6.06732e+00 
  2.45071e-02   2.40973e-02   9.66755e-01  -1.33258e+00   1.15566e+00   6.04491e+00 
  2.54613e-02   2.50192e-02   9.65484e-01  -1.33075e+00   1.16142e+00   6.02171e+00 
  2.64526e-02   2.59756e-02   9.64166e-01  -1.32884e+00   1.16737e+00   5.99767e+00 
  2.74825e-02   2.69679e-02   9.62798e-01  -1.32687e+00   1.17354e+00   5.97278e+00 
  2.85525e-02   2.79974e-02   9.61379e-01  -1.32482e+00   1.17991e+00   5.94701e+00 
  2.96642e-02   2.90653e-02   9.59908e-01  -1.32270e+00   1.18651e+00   5.92034e+00 
  3.08191e-02   3.01730e-02   9.58382e-01  -1.32050e+00   1.19333e+00   5.89272e+00 
  3.20191e-02   3.13221e-02   9.56798e-01  -1.31822e+00   1.20039e+00   5.86415e+00 
  3.32657e-02   3.25138e-02   9.55157e-01  -1.31586e+00   1.20768e+00   5.83457e+00 
  3.45609e-02   3.37498e-02   9.53454e-01  -1.31341e+00   1.21522e+00   5.80398e+00 
  3.59065e-02   3.50316e-02   9.51688e-01  -1.31087e+00   1.22300e+00   5.77233e+00 
  3.73045e-02   3.63608e-02   9.49857e-01  -1.30824e+00   1.23105e+00   5.73959e+00 
  3.87569e-02   3.77390e-02   9.47959e-01  -1.30551e+00   1.23936e+00   5.70574e+00 
  4.02659e-02   3.91680e-02   9.45991e-01  -1.30269e+00   1.24795e+00   5.67074e+00 
  4.18336e-02   4.06494e-02   9.43952e-01  -1.29977e+00   1.25681e+00   5.63456e+00 
  4.34624e-02   4.21852e-02   9.41837e-01  -1.29674e+00   1.26595e+00   5.59716e+00 
  4.51545e-02   4.37771e-02   9.39645e-01  -1.29360e+00   1.27539e+00   5.55852e+00 
  4.69126e-02   4.54270e-02   9.37374e-01  -1.29035e+00   1.28513e+00   5.51860e+00 
  4.87391e-02   4.71370e-02   9.35020e-01  -1.28699e+00   1.29517e+00   5.47737e+00 
  5.06367e-02   4.89090e-02   9.32581e-01  -1.28351e+00   1.30553e+00   5.43479e+00 
  5.26083e-02   5.07451e-02   9.30054e-01  -1.27990e+00   1.31620e+00   5.39083e+00 
  5.46565e-02   5.26474e-02   9.27437e-01  -1.27618e+00   1.32719e+00   5.34546e+00 
  5.67845e-02   5.46181e-02   9.24725e-01  -1.27232e+00   1.33852e+00   5.29864e+00 
  5.89954e-02   5.66595e-02   9.21917e-01  -1.26833e+00   1.35018e+00   5.25033e+00 
  6.12923e-02   5.87737e-02   9.19008e-01  -1.26420e+00   1.36218e+00   5.20052e+00 
  6.36787e-02   6.09632e-02   9.15996e-01  -1.25992e+00   1.37453e+00   5.14915e+00 
  6.61580e-02   6.32304e-02   9.12878e-01  -1.25551e+00   1.38723e+00   5.09621e+00 
  6.87338e-02   6.55776e-02   9.09650e-01  -1.25094e+00   1.40029e+00   5.04165e+00 
  7.14099e-02   6.80075e-02   9.06309e-01  -1.24622e+00   1.41370e+00   4.98545e+00 
  7.41902e-02   7.05225e-02   9.02851e-01  -1.24134e+00   1.42748e+00   4.92758e+00 
  7.70788e-02   7.31252e-02   8.99272e-01  -1.23630e+00   1.44163e+00   4.86800e+00 
  8.00798e-02   7.58184e-02   8.95570e-01  -1.23109e+00   1.45615e+00   4.80668e+00 
  8.31976e-02   7.86047e-02   8.91740e-01  -1.22571e+00   1.47104e+00   4.74361e+00 
  8.64369e-02   8.14868e-02   8.87779e-01  -1.22015e+00   1.48630e+00   4.67875e+00 
  8.98022e-02   8.44676e-02   8.83682e-01  -1.21442e+00   1.50193e+00   4.61208e+00 
  9.32986e-02   8.75499e-02   8.79446e-01  -1.20850e+00   1.51794e+00   4.54358e+00 
  9.69311e-02   9.07365e-02   8.75067e-01  -1.20239e+00   1.53431e+00   4.47322e+00 
  1.00705e-01   9.40304e-02   8.70542e-01  -1.19609e+00   1.55106e+00   4.40099e+00 
  1.04626e-01   9.74345e-02   8.65865e-01  -1.18959e+00   1.56817e+00   4.32687e+00 
  1.08700e-01   1.00952e-01   8.61032e-01  -1.18288e+00   1.58564e+00   4.25084e+00 
  1.12932e-01   1.04585e-01   8.56041e-01  -1.17597e+00   1.60346e+00   4.17291e+00 
  1.17329e-01   1.08338e-01   8.50886e-01  -1.16885e+00   1.62164e+00   4.09305e+00 
  1.21897e-01   1.12213e-01   8.45563e-01  -1.16152e+00   1.64015e+00   4.01126e+00 
  1.26643e-01   1.16213e-01   8.40069e-01  -1.15397e+00   1.65898e+00   3.92755e+00 
  1.31573e-01   1.20341e-01   8.34398e-01  -1.14619e+00   1.67814e+00   3.84191e+00 
  1.36696e-01   1.24600e-01   8.28547e-01  -1.13818e+00   1.69759e+00   3.75436e+00 
  1.42018e-01   1.28994e-01   8.22511e-01  -1.12995e+00   1.71734e+00   3.66490e+00 
  1.47548e-01   1.33524e-01   8.16287e-01  -1.12148e+00   1.73735e+00   3.57355e+00 
  1.53292e-01   1.38195e-01   8.09869e-01  -1.11277e+00   1.75761e+00   3.48033e+00 
  1.59261e-01   1.43009e-01   8.03255e-01  -1.10383e+00   1.77810e+00   3.38526e+00 
  1.65461e-01   1.47969e-01   7.96439e-01  -1.09464e+00   1.79878e+00   3.28839e+00 
  1.71903e-01   1.53077e-01   7.89417e-01  -1.08520e+00   1.81965e+00   3.18973e+00 
  1.78596e-01   1.58336e-01   7.82187e-01  -1.07551e+00   1.84066e+00   3.08935e+00 
  1.85550e-01   1.63749e-01   7.74743e-01  -1.06558e+00   1.86179e+00   2.98728e+00 
  1.92774e-01   1.69318e-01   7.67082e-01  -1.05539e+00   1.88299e+00   2.88358e+00 
  2.00280e-01   1.75046e-01   7.59200e-01  -1.04494e+00   1.90424e+00   2.77831e+00 
  2.08078e-01   1.80934e-01   7.51093e-01  -1.03424e+00   1.92549e+00   2.67154e+00 
  2.16179e-01   1.86986e-01   7.42759e-01  -1.02329e+00   1.94669e+00   2.56335e+00 
  2.24596e-01   1.93201e-01   7.34194e-01  -1.01208e+00   1.96780e+00   2.45382e+00 
  2.33340e-01   1.99583e-01   7.25394e-01  -1.00061e+00   1.98877e+00   2.34303e+00 
  2.42425e-01   2.06132e-01   7.16357e-01  -9.88891e-01   2.00955e+00   2.23109e+00 
  2.51864e-01   2.12849e-01   7.07079e-01  -9.76917e-01   2.03007e+00   2.11809e+00 
  2.61670e-01   2.19736e-01   6.97560e-01  -9.64692e-01   2.05028e+00   2.00415e+00 
  2.71858e-01   2.26793e-01   6.87795e-01  -9.52217e-01   2.07011e+00   1.88939e+00 
  2.82442e-01   2.34020e-01   6.77784e-01  -9.39497e-01   2.08949e+00   1.77393e+00 
  2.93439e-01   2.41417e-01   6.67524e-01  -9.26535e-01   2.10836e+00   1.65790e+00 
  3.04864e-01   2.48983e-01   6.57014e-01  -9.13335e-01   2.12663e+00   1.54144e+00 
  3.16734e-01   2.56718e-01   6.46253e-01  -8.99903e-01   2.14423e+00   1.42469e+00 
  3.29065e-01   2.64619e-01   6.35240e-01  -8.86244e-01   2.16107e+00   1.30781e+00 
  3.41877e-01   2.72685e-01   6.23975e-01  -8.72366e-01   2.17708e+00   1.19095e+00 
  3.55188e-01   2.80914e-01   6.12457e-01  -8.58275e-01   2.19215e+00   1.07428e+00 
  3.69017e-01   2.89302e-01   6.00688e-01  -8.43980e-01   2.20619e+00   9.57944e-01 
  3.83385e-01   2.97846e-01   5.88666e-01  -8.29490e-01   2.21912e+00   8.42129e-01 
  3.98311e-01   3.06541e-01   5.76395e-01  -8.14815e-01   2.23082e+00   7.27002e-01 
  4.13819e-01   3.15382e-01   5.63874e-01  -7.99965e-01   2.24120e+00   6.12737e-01 
  4.29931e-01   3.24364e-01   5.51107e-01  -7.84951e-01   2.25016e+00   4.99512e-01 
  4.46670e-01   3.33480e-01   5.38095e-01  -7.69787e-01   2.25757e+00   3.87503e-01 
  4.64061e-01   3.42722e-01   5.24842e-01  -7.54485e-01   2.26334e+00   2.76887e-01 
  4.82129e-01   3.52082e-01   5.11350e-01  -7.39058e-01   2.26735e+00   1.67839e-01 
  5.00900e-01   3.61552e-01   4.97623e-01  -7.23522e-01   2.26948e+00   6.05330e-02 
  5.20402e-01   3.71120e-01   4.83666e-01  -7.07891e-01   2.26963e+00  -4.48615e-02 
  5.40664e-01   3.80776e-01   4.69483e-01  -6.92181e-01   2.26766e+00  -1.48179e-01 
  5.61714e-01   3.90506e-01   4.55079e-01  -6.76410e-01   2.26347e+00  -2.49258e-01 
  5.83584e-01   4.00298e-01   4.40460e-01  -6.60594e-01   2.25693e+00  -3.47945e-01 
  6.06306e-01   4.10137e-01   4.25632e-01  -6.44750e-01   2.24792e+00  -4.44094e-01 
  6.29912e-01   4.20006e-01   4.10600e-01  -6.28897e-01   2.23632e+00  -5.37566e-01 
  6.54437e-01   4.29889e-01   3.95372e-01  -6.13053e-01   2.22201e+00  -6.28232e-01 
  6.79917e-01   4.39766e-01   3.79954e-01  -5.97237e-01   2.20487e+00  -7.15973e-01 
  7.06389e-01   4.49617e-01   3.64354e-01  -5.81468e-01   2.18478e+00  -8.00681e-01 
  7.33892e-01   4.59419e-01   3.48580e-01  -5.65764e-01   2.16162e+00  -8.82257e-01 
  7.62466e-01   4.69151e-01   3.32639e-01  -5.50144e-01   2.13528e+00  -9.60617e-01 
  7.92152e-01   4.78785e-01   3.16539e-01  -5.34626e-01   2.10563e+00  -1.03569e+00 
  8.22993e-01   4.88296e-01   3.00289e-01  -5.19228e-01   2.07257e+00  -1.10740e+00 
  8.55036e-01   4.97654e-01   2.83898e-01  -5.03969e-01   2.03598e+00  -1.17571e+00 
  8.88326e-01   5.06829e-01   2.67375e-01  -4.88864e-01   1.99574e+00  -1.24058e+00 
  9.22913e-01   5.15787e-01   2.50727e-01  -4.73930e-01   1.95175e+00  -1.30198e+00 
  9.58846e-01   5.24494e-01   2.33965e-01  -4.59181e-01   1.90391e+00  -1.35988e+00 
  9.96178e-01   5.32912e-01   2.17096e-01  -4.44631e-01   1.85211e+00  -1.41427e+00 
  1.03496e+00   5.41001e-01   2.00132e-01  -4.30293e-01   1.79626e+00  -1.46515e+00 
  1.07526e+00   5.48720e-01   1.83080e-01  -4.16176e-01   1.73624e+00  -1.51252e+00 
  1.11712e+00   5.56024e-01   1.65950e-01  -4.02289e-01   1.67199e+00  -1.55637e+00 
  1.16062e+00   5.62866e-01   1.48752e-01  -3.88638e-01   1.60340e+00  -1.59671e+00 
  1.20581e+00   5.69195e-01   1.31497e-01  -3.75229e-01   1.53040e+00  -1.63353e+00 
  1.25275e+00   5.74960e-01   1.14193e-01  -3.62062e-01   1.45291e+00  -1.66681e+00 
  1.30153e+00   5.80104e-01   9.68512e-02  -3.49137e-01   1.37086e+00  -1.69655e+00 
  1.35220e+00   5.84569e-01   7.94835e-02  -3.36449e-01   1.28421e+00  -1.72269e+00 
  1.40485e+00   5.88294e-01   6.21014e-02  -3.23993e-01   1.19290e+00  -1.74520e+00 
  1.45955e+00   5.91212e-01   4.47178e-02  -3.11757e-01   1.09691e+00  -1.76399e+00 
  1.51637e+00   5.93256e-01   2.73467e-02  -2.99729e-01   9.96224e-01  -1.77896e+00 
  1.57541e+00   5.94355e-01   1.00036e-02  -2.87891e-01   8.90848e-01  -1.78999e+00 
  1.63675e+00   5.94435e-01  -7.29403e-03  -2.76223e-01   7.80820e-01  -1.79690e+00 
  1.70047e+00   5.93417e-01  -2.45264e-02  -2.64702e-01   6.66205e-01  -1.79950e+00 
  1.76668e+00   5.91221e-01  -4.16710e-02  -2.53299e-01   5.47105e-01  -1.79755e+00 
  1.83547e+00   5.87765e-01  -5.87020e-02  -2.41983e-01   4.23667e-01  -1.79076e+00 
  1.90693e+00   5.82962e-01  -7.55896e-02  -2.30721e-01   2.96093e-01  -1.77881e+00 
  1.98117e+00   5.76724e-01  -9.22994e-02  -2.19476e-01   1.64644e-01  -1.76132e+00 
  2.05831e+00   5.68963e-01  -1.08792e-01  -2.08207e-01   2.96531e-02  -1.73789e+00 
  2.13845e+00   5.59588e-01  -1.25021e-01  -1.96872e-01  -1.08461e-01  -1.70806e+00 
  2.22171e+00   5.48510e-01  -1.40934e-01  -1.85429e-01  -2.49183e-01  -1.67135e+00 
  2.30821e+00   5.35640e-01  -1.56470e-01  -1.73832e-01  -3.91892e-01  -1.62726e+00 
  2.39808e+00   5.20892e-01  -1.71560e-01  -1.62039e-01  -5.35842e-01  -1.57528e+00 
  2.49144e+00   5.04185e-01  -1.86126e-01  -1.50006e-01  -6.80153e-01  -1.51489e+00 
  2.58845e+00   4.85444e-01  -2.00079e-01  -1.37695e-01  -8.23793e-01  -1.44562e+00 
  2.68923e+00   4.64603e-01  -2.13318e-01  -1.25071e-01  -9.65576e-01  -1.36703e+00 
  2.79393e+00   4.41606e-01  -2.25733e-01  -1.12105e-01  -1.10414e+00  -1.27878e+00 
  2.90271e+00   4.16414e-01  -2.37202e-01  -9.87756e-02  -1.23797e+00  -1.18063e+00 
  3.01572e+00   3.89005e-01  -2.47589e-01  -8.50744e-02  -1.36534e+00  -1.07253e+00 
  3.13314e+00   3.59380e-01  -2.56750e-01  -7.10038e-02  -1.48440e+00  -9.54577e-01 
  3.25512e+00   3.27568e-01  -2.64530e-01  -5.65816e-02  -1.59312e+00  -8.27154e-01 
  3.38186e+00   2.93627e-01  -2.70764e-01  -4.18425e-02  -1.68935e+00  -6.90905e-01 
  3.51353e+00   2.57657e-01  -2.75282e-01  -2.68399e-02  -1.77085e+00  -5.46803e-01 
  3.65033e+00   2.19795e-01  -2.77910e-01  -1.16474e-02  -1.83535e+00  -3.96173e-01 
  3.79245e+00   1.80232e-01  -2.78472e-01   3.64145e-03  -1.88058e+00  -2.40712e-01 
  3.94011e+00   1.39210e-01  -2.76799e-01   1.89133e-02  -1.90439e+00  -8.24892e-02 
  4.09351e+00   9.70301e-02  -2.72727e-01   3.40376e-02  -1.90479e+00   7.60725e-02 
  4.25289e+00   5.40594e-02  -2.66108e-01   4.88704e-02  -1.88009e+00   2.32245e-01 
  4.41847e+00   1.07333e-02  -2.56810e-01   6.32608e-02  -1.82898e+00   3.83067e-01 
  4.59050e+00  -3.24402e-02  -2.44723e-01   7.70598e-02  -1.75061e+00   5.25454e-01 
  4.76923e+00  -7.48769e-02  -2.29763e-01   9.01318e-02  -1.64473e+00   6.56320e-01 
  4.95492e+00  -1.15915e-01  -2.11870e-01   1.02370e-01  -1.51174e+00   7.72738e-01 
  5.14784e+00  -1.54811e-01  -1.91005e-01   1.13713e-01  -1.35273e+00   8.72091e-01 
  5.34826e+00  -1.90737e-01  -1.67145e-01   1.24173e-01  -1.16952e+00   9.52236e-01 
  5.55649e+00  -2.22778e-01  -1.40262e-01   1.33856e-01  -9.64639e-01   1.01163e+00 
  5.77283e+00  -2.49917e-01  -1.10301e-01   1.43004e-01  -7.41275e-01   1.04944e+00 
  5.99759e+00  -2.71020e-01  -7.71407e-02   1.52041e-01  -5.03177e-01   1.06554e+00 
  6.23111e+00  -2.84802e-01  -4.05295e-02   1.61632e-01  -2.54556e-01   1.06043e+00 
  6.47371e+00  -2.89773e-01   4.96465e-10   1.72785e-01  -1.63676e-10   1.03494e+00 
