#  Mixed convection heat transfer in the boundary                   layers on an exponentially stretching surface with magnetic field   
#	   eta            f              f'           f''          theta         dtheta
  0.00000e+00   0.00000e+00   1.00000e+00  -4.78371e-01   1.00000e+00   1.98897e+01 
  3.55000e-02   3.51974e-02   9.82920e-01  -4.83711e-01   1.69525e+00   1.92715e+01 
  7.10000e-02   6.97853e-02   9.65670e-01  -4.87913e-01   2.36777e+00   1.86105e+01 
  1.06500e-01   1.03758e-01   9.48291e-01  -4.90999e-01   3.01614e+00   1.79113e+01 
  1.42000e-01   1.37113e-01   9.30822e-01  -4.92996e-01   3.63908e+00   1.71787e+01 
  1.77500e-01   1.69846e-01   9.13301e-01  -4.93936e-01   4.23549e+00   1.64174e+01 
  2.13000e-01   2.01957e-01   8.95765e-01  -4.93852e-01   4.80444e+00   1.56322e+01 
  2.48500e-01   2.33446e-01   8.78249e-01  -4.92782e-01   5.34515e+00   1.48277e+01 
  2.84000e-01   2.64313e-01   8.60788e-01  -4.90768e-01   5.85703e+00   1.40084e+01 
  3.19500e-01   2.94563e-01   8.43415e-01  -4.87854e-01   6.33962e+00   1.31787e+01 
  3.55000e-01   3.24197e-01   8.26161e-01  -4.84084e-01   6.79264e+00   1.23429e+01 
  3.90500e-01   3.53222e-01   8.09055e-01  -4.79508e-01   7.21594e+00   1.15048e+01 
  4.26000e-01   3.81642e-01   7.92125e-01  -4.74175e-01   7.60950e+00   1.06684e+01 
  4.61500e-01   4.09465e-01   7.75397e-01  -4.68136e-01   7.97346e+00   9.83706e+00 
  4.97000e-01   4.36698e-01   7.58895e-01  -4.61445e-01   8.30804e+00   9.01417e+00 
  5.32500e-01   4.63350e-01   7.42641e-01  -4.54154e-01   8.61360e+00   8.20273e+00 
  5.68000e-01   4.89429e-01   7.26656e-01  -4.46318e-01   8.89060e+00   7.40549e+00 
  6.03500e-01   5.14946e-01   7.10958e-01  -4.37990e-01   9.13958e+00   6.62494e+00 
  6.39000e-01   5.39910e-01   6.95564e-01  -4.29224e-01   9.36119e+00   5.86331e+00 
  6.74500e-01   5.64334e-01   6.80488e-01  -4.20074e-01   9.55613e+00   5.12255e+00 
  7.10000e-01   5.88229e-01   6.65743e-01  -4.10593e-01   9.72516e+00   4.40438e+00 
  7.45500e-01   6.11606e-01   6.51339e-01  -4.00833e-01   9.86912e+00   3.71025e+00 
  7.81000e-01   6.34478e-01   6.37286e-01  -3.90845e-01   9.98889e+00   3.04138e+00 
  8.16500e-01   6.56858e-01   6.23591e-01  -3.80679e-01   1.00854e+01   2.39877e+00 
  8.52000e-01   6.78757e-01   6.10260e-01  -3.70383e-01   1.01595e+01   1.78320e+00 
  8.87500e-01   7.00190e-01   5.97295e-01  -3.60003e-01   1.02123e+01   1.19524e+00 
  9.23000e-01   7.21170e-01   5.84700e-01  -3.49586e-01   1.02447e+01   6.35297e-01 
  9.58500e-01   7.41709e-01   5.72474e-01  -3.39173e-01   1.02577e+01   1.03592e-01 
  9.94000e-01   7.61820e-01   5.60618e-01  -3.28806e-01   1.02524e+01  -3.99807e-01 
  1.02950e+00   7.81517e-01   5.49128e-01  -3.18523e-01   1.02297e+01  -8.74979e-01 
  1.06500e+00   8.00812e-01   5.38001e-01  -3.08360e-01   1.01906e+01  -1.32213e+00 
  1.10050e+00   8.19719e-01   5.27233e-01  -2.98352e-01   1.01361e+01  -1.74157e+00 
  1.13600e+00   8.38250e-01   5.16816e-01  -2.88530e-01   1.00673e+01  -2.13374e+00 
  1.17150e+00   8.56417e-01   5.06745e-01  -2.78923e-01   9.98497e+00  -2.49913e+00 
  1.20700e+00   8.74233e-01   4.97010e-01  -2.69559e-01   9.89015e+00  -2.83835e+00 
  1.24250e+00   8.91709e-01   4.87603e-01  -2.60460e-01   9.78375e+00  -3.15205e+00 
  1.27800e+00   9.08856e-01   4.78514e-01  -2.51650e-01   9.66665e+00  -3.44094e+00 
  1.31350e+00   9.25687e-01   4.69732e-01  -2.43146e-01   9.53973e+00  -3.70577e+00 
  1.34900e+00   9.42211e-01   4.61247e-01  -2.34967e-01   9.40382e+00  -3.94735e+00 
  1.38450e+00   9.58439e-01   4.53045e-01  -2.27126e-01   9.25973e+00  -4.16649e+00 
  1.42000e+00   9.74380e-01   4.45116e-01  -2.19636e-01   9.10825e+00  -4.36405e+00 
  1.45550e+00   9.90045e-01   4.37447e-01  -2.12506e-01   8.95013e+00  -4.54089e+00 
  1.49100e+00   1.00544e+00   4.30024e-01  -2.05743e-01   8.78608e+00  -4.69787e+00 
  1.52650e+00   1.02058e+00   4.22835e-01  -1.99355e-01   8.61681e+00  -4.83587e+00 
  1.56200e+00   1.03547e+00   4.15866e-01  -1.93342e-01   8.44295e+00  -4.95577e+00 
  1.59750e+00   1.05011e+00   4.09103e-01  -1.87708e-01   8.26515e+00  -5.05844e+00 
  1.63300e+00   1.06451e+00   4.02534e-01  -1.82451e-01   8.08400e+00  -5.14472e+00 
  1.66850e+00   1.07869e+00   3.96145e-01  -1.77570e-01   7.90006e+00  -5.21548e+00 
  1.70400e+00   1.09264e+00   3.89922e-01  -1.73060e-01   7.71387e+00  -5.27155e+00 
  1.73950e+00   1.10638e+00   3.83853e-01  -1.68915e-01   7.52594e+00  -5.31375e+00 
  1.77500e+00   1.11990e+00   3.77925e-01  -1.65129e-01   7.33675e+00  -5.34286e+00 
  1.81050e+00   1.13321e+00   3.72125e-01  -1.61694e-01   7.14674e+00  -5.35968e+00 
  1.84600e+00   1.14632e+00   3.66440e-01  -1.58599e-01   6.95635e+00  -5.36497e+00 
  1.88150e+00   1.15923e+00   3.60860e-01  -1.55834e-01   6.76596e+00  -5.35946e+00 
  1.91700e+00   1.17194e+00   3.55372e-01  -1.53387e-01   6.57595e+00  -5.34386e+00 
  1.95250e+00   1.18446e+00   3.49966e-01  -1.51246e-01   6.38666e+00  -5.31886e+00 
  1.98800e+00   1.19679e+00   3.44631e-01  -1.49397e-01   6.19841e+00  -5.28514e+00 
  2.02350e+00   1.20893e+00   3.39356e-01  -1.47825e-01   6.01151e+00  -5.24334e+00 
  2.05900e+00   1.22089e+00   3.34132e-01  -1.46516e-01   5.82622e+00  -5.19407e+00 
  2.09450e+00   1.23266e+00   3.28950e-01  -1.45455e-01   5.64281e+00  -5.13794e+00 
  2.13000e+00   1.24424e+00   3.23802e-01  -1.44625e-01   5.46150e+00  -5.07551e+00 
  2.16550e+00   1.25565e+00   3.18679e-01  -1.44012e-01   5.28252e+00  -5.00734e+00 
  2.20100e+00   1.26687e+00   3.13575e-01  -1.43597e-01   5.10604e+00  -4.93394e+00 
  2.23650e+00   1.27791e+00   3.08482e-01  -1.43365e-01   4.93226e+00  -4.85583e+00 
  2.27200e+00   1.28877e+00   3.03394e-01  -1.43300e-01   4.76133e+00  -4.77349e+00 
  2.30750e+00   1.29945e+00   2.98306e-01  -1.43385e-01   4.59339e+00  -4.68737e+00 
  2.34300e+00   1.30995e+00   2.93212e-01  -1.43602e-01   4.42857e+00  -4.59790e+00 
  2.37850e+00   1.32027e+00   2.88108e-01  -1.43937e-01   4.26697e+00  -4.50551e+00 
  2.41400e+00   1.33041e+00   2.82991e-01  -1.44373e-01   4.10871e+00  -4.41059e+00 
  2.44950e+00   1.34036e+00   2.77857e-01  -1.44894e-01   3.95385e+00  -4.31351e+00 
  2.48500e+00   1.35013e+00   2.72703e-01  -1.45485e-01   3.80247e+00  -4.21463e+00 
  2.52050e+00   1.35972e+00   2.67527e-01  -1.46130e-01   3.65463e+00  -4.11428e+00 
  2.55600e+00   1.36913e+00   2.62327e-01  -1.46816e-01   3.51037e+00  -4.01277e+00 
  2.59150e+00   1.37835e+00   2.57103e-01  -1.47527e-01   3.36973e+00  -3.91041e+00 
  2.62700e+00   1.38738e+00   2.51853e-01  -1.48250e-01   3.23274e+00  -3.80747e+00 
  2.66250e+00   1.39623e+00   2.46577e-01  -1.48972e-01   3.09940e+00  -3.70422e+00 
  2.69800e+00   1.40489e+00   2.41276e-01  -1.49680e-01   2.96974e+00  -3.60089e+00 
  2.73350e+00   1.41336e+00   2.35950e-01  -1.50362e-01   2.84374e+00  -3.49773e+00 
  2.76900e+00   1.42164e+00   2.30600e-01  -1.51008e-01   2.72139e+00  -3.39494e+00 
  2.80450e+00   1.42973e+00   2.25229e-01  -1.51605e-01   2.60269e+00  -3.29271e+00 
  2.84000e+00   1.43763e+00   2.19837e-01  -1.52145e-01   2.48760e+00  -3.19124e+00 
  2.87550e+00   1.44534e+00   2.14427e-01  -1.52618e-01   2.37610e+00  -3.09069e+00 
  2.91100e+00   1.45285e+00   2.09002e-01  -1.53015e-01   2.26815e+00  -2.99121e+00 
  2.94650e+00   1.46018e+00   2.03564e-01  -1.53328e-01   2.16371e+00  -2.89296e+00 
  2.98200e+00   1.46731e+00   1.98117e-01  -1.53549e-01   2.06273e+00  -2.79604e+00 
  3.01750e+00   1.47424e+00   1.92663e-01  -1.53673e-01   1.96517e+00  -2.70059e+00 
  3.05300e+00   1.48099e+00   1.87207e-01  -1.53692e-01   1.87097e+00  -2.60670e+00 
  3.08850e+00   1.48754e+00   1.81753e-01  -1.53603e-01   1.78008e+00  -2.51448e+00 
  3.12400e+00   1.49389e+00   1.76303e-01  -1.53400e-01   1.69243e+00  -2.42400e+00 
  3.15950e+00   1.50005e+00   1.70863e-01  -1.53079e-01   1.60795e+00  -2.33534e+00 
  3.19500e+00   1.50602e+00   1.65436e-01  -1.52637e-01   1.52659e+00  -2.24856e+00 
  3.23050e+00   1.51180e+00   1.60027e-01  -1.52072e-01   1.44828e+00  -2.16372e+00 
  3.26600e+00   1.51739e+00   1.54640e-01  -1.51381e-01   1.37295e+00  -2.08085e+00 
  3.30150e+00   1.52278e+00   1.49280e-01  -1.50563e-01   1.30052e+00  -2.00001e+00 
  3.33700e+00   1.52798e+00   1.43952e-01  -1.49617e-01   1.23092e+00  -1.92122e+00 
  3.37250e+00   1.53300e+00   1.38659e-01  -1.48543e-01   1.16409e+00  -1.84451e+00 
  3.40800e+00   1.53783e+00   1.33407e-01  -1.47342e-01   1.09994e+00  -1.76988e+00 
  3.44350e+00   1.54247e+00   1.28199e-01  -1.46014e-01   1.03840e+00  -1.69736e+00 
  3.47900e+00   1.54693e+00   1.23041e-01  -1.44561e-01   9.79400e-01  -1.62694e+00 
  3.51450e+00   1.55121e+00   1.17937e-01  -1.42984e-01   9.22862e-01  -1.55862e+00 
  3.55000e+00   1.55531e+00   1.12891e-01  -1.41287e-01   8.68713e-01  -1.49240e+00 
  3.58550e+00   1.55923e+00   1.07907e-01  -1.39471e-01   8.16877e-01  -1.42827e+00 
  3.62100e+00   1.56297e+00   1.02990e-01  -1.37539e-01   7.67281e-01  -1.36621e+00 
  3.65650e+00   1.56654e+00   9.81430e-02  -1.35496e-01   7.19852e-01  -1.30621e+00 
  3.69200e+00   1.56994e+00   9.33707e-02  -1.33346e-01   6.74516e-01  -1.24823e+00 
  3.72750e+00   1.57317e+00   8.86766e-02  -1.31092e-01   6.31203e-01  -1.19226e+00 
  3.76300e+00   1.57623e+00   8.40643e-02  -1.28739e-01   5.89842e-01  -1.13827e+00 
  3.79850e+00   1.57914e+00   7.95372e-02  -1.26293e-01   5.50363e-01  -1.08622e+00 
  3.83400e+00   1.58188e+00   7.50986e-02  -1.23757e-01   5.12698e-01  -1.03608e+00 
  3.86950e+00   1.58447e+00   7.07515e-02  -1.21138e-01   4.76779e-01  -9.87823e-01 
  3.90500e+00   1.58691e+00   6.64987e-02  -1.18441e-01   4.42541e-01  -9.41399e-01 
  3.94050e+00   1.58919e+00   6.23430e-02  -1.15671e-01   4.09918e-01  -8.96774e-01 
  3.97600e+00   1.59133e+00   5.82869e-02  -1.12834e-01   3.78849e-01  -8.53907e-01 
  4.01150e+00   1.59333e+00   5.43326e-02  -1.09936e-01   3.49271e-01  -8.12756e-01 
  4.04700e+00   1.59519e+00   5.04821e-02  -1.06984e-01   3.21123e-01  -7.73278e-01 
  4.08250e+00   1.59692e+00   4.67373e-02  -1.03983e-01   2.94349e-01  -7.35430e-01 
  4.11800e+00   1.59851e+00   4.30998e-02  -1.00939e-01   2.68889e-01  -6.99168e-01 
  4.15350e+00   1.59998e+00   3.95710e-02  -9.78590e-02   2.44690e-01  -6.64446e-01 
  4.18900e+00   1.60132e+00   3.61521e-02  -9.47481e-02   2.21696e-01  -6.31220e-01 
  4.22450e+00   1.60255e+00   3.28442e-02  -9.16127e-02   1.99856e-01  -5.99445e-01 
  4.26000e+00   1.60366e+00   2.96478e-02  -8.84589e-02   1.79119e-01  -5.69076e-01 
  4.29550e+00   1.60465e+00   2.65637e-02  -8.52926e-02   1.59435e-01  -5.40067e-01 
  4.33100e+00   1.60554e+00   2.35922e-02  -8.21197e-02   1.40758e-01  -5.12374e-01 
  4.36650e+00   1.60633e+00   2.07332e-02  -7.89458e-02   1.23042e-01  -4.85953e-01 
  4.40200e+00   1.60702e+00   1.79869e-02  -7.57765e-02   1.06241e-01  -4.60758e-01 
  4.43750e+00   1.60761e+00   1.53530e-02  -7.26175e-02   9.03138e-02  -4.36746e-01 
  4.47300e+00   1.60811e+00   1.28309e-02  -6.94739e-02   7.52186e-02  -4.13874e-01 
  4.50850e+00   1.60852e+00   1.04201e-02  -6.63510e-02   6.09157e-02  -3.92100e-01 
  4.54400e+00   1.60885e+00   8.11970e-03  -6.32536e-02   4.73670e-02  -3.71381e-01 
  4.57950e+00   1.60910e+00   5.92873e-03  -6.01867e-02   3.45356e-02  -3.51677e-01 
  4.61500e+00   1.60927e+00   3.84603e-03  -5.71548e-02   2.23864e-02  -3.32947e-01 
  4.65050e+00   1.60937e+00   1.87028e-03  -5.41622e-02   1.08853e-02  -3.15152e-01 
  4.68600e+00   1.60941e+00   2.95549e-10  -5.12131e-02  -5.42477e-10  -2.98252e-01 
