#  Mixed convection heat transfer in the boundary                   layers on an exponentially stretching surface with magnetic field   
#	   eta            f              f'           f''          theta         dtheta
  0.00000e+00   0.00000e+00   1.00000e+00  -1.28221e+00   1.00000e+00  -3.60322e-01 
  7.50000e-03   7.46408e-03   9.90439e-01  -1.26732e+00   9.97298e-01  -3.60316e-01 
  7.79201e-03   7.75324e-03   9.90069e-01  -1.26674e+00   9.97192e-01  -3.60316e-01 
  8.09538e-03   8.05354e-03   9.89685e-01  -1.26615e+00   9.97083e-01  -3.60316e-01 
  8.41057e-03   8.36542e-03   9.89286e-01  -1.26553e+00   9.96970e-01  -3.60315e-01 
  8.73803e-03   8.68930e-03   9.88872e-01  -1.26488e+00   9.96852e-01  -3.60315e-01 
  9.07824e-03   9.02565e-03   9.88442e-01  -1.26421e+00   9.96729e-01  -3.60314e-01 
  9.43170e-03   9.37494e-03   9.87995e-01  -1.26352e+00   9.96602e-01  -3.60314e-01 
  9.79891e-03   9.73767e-03   9.87531e-01  -1.26280e+00   9.96469e-01  -3.60313e-01 
  1.01804e-02   1.01143e-02   9.87050e-01  -1.26205e+00   9.96332e-01  -3.60312e-01 
  1.05768e-02   1.05055e-02   9.86549e-01  -1.26127e+00   9.96189e-01  -3.60311e-01 
  1.09886e-02   1.09116e-02   9.86030e-01  -1.26046e+00   9.96041e-01  -3.60311e-01 
  1.14164e-02   1.13334e-02   9.85491e-01  -1.25963e+00   9.95886e-01  -3.60310e-01 
  1.18609e-02   1.17713e-02   9.84931e-01  -1.25876e+00   9.95726e-01  -3.60309e-01 
  1.23227e-02   1.22260e-02   9.84350e-01  -1.25786e+00   9.95560e-01  -3.60308e-01 
  1.28025e-02   1.26981e-02   9.83747e-01  -1.25692e+00   9.95387e-01  -3.60307e-01 
  1.33009e-02   1.31883e-02   9.83121e-01  -1.25595e+00   9.95207e-01  -3.60306e-01 
  1.38188e-02   1.36973e-02   9.82471e-01  -1.25494e+00   9.95021e-01  -3.60304e-01 
  1.43568e-02   1.42257e-02   9.81796e-01  -1.25389e+00   9.94827e-01  -3.60303e-01 
  1.49158e-02   1.47743e-02   9.81095e-01  -1.25280e+00   9.94626e-01  -3.60302e-01 
  1.54965e-02   1.53438e-02   9.80368e-01  -1.25167e+00   9.94416e-01  -3.60300e-01 
  1.60999e-02   1.59351e-02   9.79613e-01  -1.25050e+00   9.94199e-01  -3.60298e-01 
  1.67267e-02   1.65489e-02   9.78830e-01  -1.24929e+00   9.93973e-01  -3.60297e-01 
  1.73780e-02   1.71861e-02   9.78016e-01  -1.24803e+00   9.93738e-01  -3.60295e-01 
  1.80546e-02   1.78475e-02   9.77172e-01  -1.24672e+00   9.93495e-01  -3.60292e-01 
  1.87575e-02   1.85341e-02   9.76297e-01  -1.24536e+00   9.93241e-01  -3.60290e-01 
  1.94878e-02   1.92468e-02   9.75388e-01  -1.24396e+00   9.92978e-01  -3.60288e-01 
  2.02466e-02   1.99865e-02   9.74444e-01  -1.24249e+00   9.92705e-01  -3.60285e-01 
  2.10349e-02   2.07543e-02   9.73465e-01  -1.24098e+00   9.92421e-01  -3.60282e-01 
  2.18538e-02   2.15511e-02   9.72450e-01  -1.23941e+00   9.92126e-01  -3.60279e-01 
  2.27047e-02   2.23781e-02   9.71396e-01  -1.23778e+00   9.91819e-01  -3.60276e-01 
  2.35887e-02   2.32363e-02   9.70302e-01  -1.23608e+00   9.91501e-01  -3.60272e-01 
  2.45071e-02   2.41269e-02   9.69168e-01  -1.23433e+00   9.91170e-01  -3.60268e-01 
  2.54613e-02   2.50511e-02   9.67991e-01  -1.23251e+00   9.90826e-01  -3.60264e-01 
  2.64526e-02   2.60101e-02   9.66770e-01  -1.23062e+00   9.90469e-01  -3.60259e-01 
  2.74825e-02   2.70051e-02   9.65504e-01  -1.22867e+00   9.90098e-01  -3.60254e-01 
  2.85525e-02   2.80375e-02   9.64190e-01  -1.22664e+00   9.89713e-01  -3.60249e-01 
  2.96642e-02   2.91086e-02   9.62828e-01  -1.22454e+00   9.89312e-01  -3.60243e-01 
  3.08191e-02   3.02198e-02   9.61415e-01  -1.22236e+00   9.88896e-01  -3.60237e-01 
  3.20191e-02   3.13726e-02   9.59949e-01  -1.22010e+00   9.88464e-01  -3.60230e-01 
  3.32657e-02   3.25683e-02   9.58430e-01  -1.21775e+00   9.88015e-01  -3.60223e-01 
  3.45609e-02   3.38087e-02   9.56854e-01  -1.21533e+00   9.87548e-01  -3.60216e-01 
  3.59065e-02   3.50951e-02   9.55220e-01  -1.21281e+00   9.87063e-01  -3.60207e-01 
  3.73045e-02   3.64293e-02   9.53527e-01  -1.21020e+00   9.86560e-01  -3.60198e-01 
  3.87569e-02   3.78130e-02   9.51771e-01  -1.20750e+00   9.86037e-01  -3.60188e-01 
  4.02659e-02   3.92478e-02   9.49951e-01  -1.20470e+00   9.85493e-01  -3.60178e-01 
  4.18336e-02   4.07356e-02   9.48065e-01  -1.20180e+00   9.84929e-01  -3.60167e-01 
  4.34624e-02   4.22781e-02   9.46110e-01  -1.19880e+00   9.84342e-01  -3.60155e-01 
  4.51545e-02   4.38774e-02   9.44084e-01  -1.19569e+00   9.83733e-01  -3.60141e-01 
  4.69126e-02   4.55353e-02   9.41984e-01  -1.19247e+00   9.83099e-01  -3.60127e-01 
  4.87391e-02   4.72539e-02   9.39809e-01  -1.18914e+00   9.82442e-01  -3.60112e-01 
  5.06367e-02   4.90351e-02   9.37556e-01  -1.18568e+00   9.81758e-01  -3.60096e-01 
  5.26083e-02   5.08812e-02   9.35222e-01  -1.18211e+00   9.81048e-01  -3.60078e-01 
  5.46565e-02   5.27944e-02   9.32805e-01  -1.17841e+00   9.80311e-01  -3.60059e-01 
  5.67845e-02   5.47767e-02   9.30301e-01  -1.17458e+00   9.79545e-01  -3.60038e-01 
  5.89954e-02   5.68306e-02   9.27709e-01  -1.17062e+00   9.78749e-01  -3.60016e-01 
  6.12923e-02   5.89584e-02   9.25024e-01  -1.16652e+00   9.77922e-01  -3.59992e-01 
  6.36787e-02   6.11626e-02   9.22246e-01  -1.16228e+00   9.77063e-01  -3.59966e-01 
  6.61580e-02   6.34455e-02   9.19370e-01  -1.15790e+00   9.76170e-01  -3.59938e-01 
  6.87338e-02   6.58098e-02   9.16393e-01  -1.15337e+00   9.75243e-01  -3.59908e-01 
  7.14099e-02   6.82580e-02   9.13313e-01  -1.14868e+00   9.74280e-01  -3.59876e-01 
  7.41902e-02   7.07929e-02   9.10126e-01  -1.14384e+00   9.73280e-01  -3.59841e-01 
  7.70788e-02   7.34171e-02   9.06829e-01  -1.13883e+00   9.72240e-01  -3.59804e-01 
  8.00798e-02   7.61333e-02   9.03419e-01  -1.13366e+00   9.71161e-01  -3.59763e-01 
  8.31976e-02   7.89446e-02   8.99893e-01  -1.12832e+00   9.70039e-01  -3.59720e-01 
  8.64369e-02   8.18536e-02   8.96247e-01  -1.12280e+00   9.68874e-01  -3.59673e-01 
  8.98022e-02   8.48635e-02   8.92478e-01  -1.11710e+00   9.67663e-01  -3.59623e-01 
  9.32986e-02   8.79771e-02   8.88582e-01  -1.11122e+00   9.66406e-01  -3.59568e-01 
  9.69311e-02   9.11976e-02   8.84557e-01  -1.10515e+00   9.65100e-01  -3.59510e-01 
  1.00705e-01   9.45280e-02   8.80398e-01  -1.09888e+00   9.63743e-01  -3.59447e-01 
  1.04626e-01   9.79715e-02   8.76102e-01  -1.09242e+00   9.62334e-01  -3.59379e-01 
  1.08700e-01   1.01531e-01   8.71665e-01  -1.08576e+00   9.60870e-01  -3.59306e-01 
  1.12932e-01   1.05211e-01   8.67085e-01  -1.07889e+00   9.59350e-01  -3.59227e-01 
  1.17329e-01   1.09013e-01   8.62357e-01  -1.07181e+00   9.57771e-01  -3.59143e-01 
  1.21897e-01   1.12941e-01   8.57477e-01  -1.06451e+00   9.56130e-01  -3.59052e-01 
  1.26643e-01   1.16998e-01   8.52443e-01  -1.05699e+00   9.54426e-01  -3.58954e-01 
  1.31573e-01   1.21189e-01   8.47250e-01  -1.04925e+00   9.52657e-01  -3.58849e-01 
  1.36696e-01   1.25515e-01   8.41896e-01  -1.04128e+00   9.50819e-01  -3.58735e-01 
  1.42018e-01   1.29981e-01   8.36376e-01  -1.03308e+00   9.48910e-01  -3.58613e-01 
  1.47548e-01   1.34590e-01   8.30687e-01  -1.02465e+00   9.46927e-01  -3.58482e-01 
  1.53292e-01   1.39345e-01   8.24826e-01  -1.01597e+00   9.44868e-01  -3.58341e-01 
  1.59261e-01   1.44250e-01   8.18789e-01  -1.00705e+00   9.42730e-01  -3.58189e-01 
  1.65461e-01   1.49308e-01   8.12573e-01  -9.97889e-01   9.40510e-01  -3.58027e-01 
  1.71903e-01   1.54522e-01   8.06175e-01  -9.88477e-01   9.38204e-01  -3.57851e-01 
  1.78596e-01   1.59896e-01   7.99591e-01  -9.78813e-01   9.35809e-01  -3.57663e-01 
  1.85550e-01   1.65432e-01   7.92819e-01  -9.68896e-01   9.33323e-01  -3.57461e-01 
  1.92774e-01   1.71134e-01   7.85857e-01  -9.58722e-01   9.30741e-01  -3.57244e-01 
  2.00280e-01   1.77006e-01   7.78700e-01  -9.48290e-01   9.28061e-01  -3.57010e-01 
  2.08078e-01   1.83049e-01   7.71347e-01  -9.37599e-01   9.25278e-01  -3.56760e-01 
  2.16179e-01   1.89267e-01   7.63796e-01  -9.26647e-01   9.22389e-01  -3.56491e-01 
  2.24596e-01   1.95663e-01   7.56044e-01  -9.15434e-01   9.19390e-01  -3.56202e-01 
  2.33340e-01   2.02240e-01   7.48089e-01  -9.03960e-01   9.16276e-01  -3.55893e-01 
  2.42425e-01   2.08999e-01   7.39930e-01  -8.92224e-01   9.13044e-01  -3.55560e-01 
  2.51864e-01   2.15943e-01   7.31566e-01  -8.80229e-01   9.09690e-01  -3.55204e-01 
  2.61670e-01   2.23075e-01   7.22994e-01  -8.67974e-01   9.06209e-01  -3.54822e-01 
  2.71858e-01   2.30396e-01   7.14215e-01  -8.55461e-01   9.02596e-01  -3.54412e-01 
  2.82442e-01   2.37908e-01   7.05229e-01  -8.42694e-01   8.98847e-01  -3.53973e-01 
  2.93439e-01   2.45613e-01   6.96033e-01  -8.29675e-01   8.94957e-01  -3.53503e-01 
  3.04864e-01   2.53511e-01   6.86631e-01  -8.16408e-01   8.90921e-01  -3.53000e-01 
  3.16734e-01   2.61604e-01   6.77021e-01  -8.02897e-01   8.86734e-01  -3.52460e-01 
  3.29065e-01   2.69892e-01   6.67204e-01  -7.89147e-01   8.82391e-01  -3.51883e-01 
  3.41877e-01   2.78376e-01   6.57184e-01  -7.75165e-01   8.77887e-01  -3.51266e-01 
  3.55188e-01   2.87055e-01   6.46961e-01  -7.60955e-01   8.73216e-01  -3.50605e-01 
  3.69017e-01   2.95930e-01   6.36538e-01  -7.46527e-01   8.68372e-01  -3.49900e-01 
  3.83385e-01   3.04998e-01   6.25918e-01  -7.31887e-01   8.63350e-01  -3.49145e-01 
  3.98311e-01   3.14260e-01   6.15104e-01  -7.17044e-01   8.58145e-01  -3.48339e-01 
  4.13819e-01   3.23714e-01   6.04101e-01  -7.02009e-01   8.52749e-01  -3.47479e-01 
  4.29931e-01   3.33356e-01   5.92914e-01  -6.86791e-01   8.47158e-01  -3.46560e-01 
  4.46670e-01   3.43186e-01   5.81547e-01  -6.71402e-01   8.41365e-01  -3.45580e-01 
  4.64061e-01   3.53199e-01   5.70007e-01  -6.55854e-01   8.35364e-01  -3.44535e-01 
  4.82129e-01   3.63391e-01   5.58299e-01  -6.40159e-01   8.29149e-01  -3.43422e-01 
  5.00900e-01   3.73759e-01   5.46432e-01  -6.24331e-01   8.22714e-01  -3.42236e-01 
  5.20402e-01   3.84298e-01   5.34412e-01  -6.08384e-01   8.16052e-01  -3.40973e-01 
  5.40664e-01   3.95003e-01   5.22249e-01  -5.92334e-01   8.09157e-01  -3.39630e-01 
  5.61714e-01   4.05866e-01   5.09951e-01  -5.76196e-01   8.02022e-01  -3.38202e-01 
  5.83584e-01   4.16882e-01   4.97528e-01  -5.59987e-01   7.94642e-01  -3.36683e-01 
  6.06306e-01   4.28044e-01   4.84990e-01  -5.43724e-01   7.87011e-01  -3.35071e-01 
  6.29912e-01   4.39342e-01   4.72348e-01  -5.27425e-01   7.79121e-01  -3.33360e-01 
  6.54437e-01   4.50770e-01   4.59614e-01  -5.11108e-01   7.70968e-01  -3.31546e-01 
  6.79917e-01   4.62317e-01   4.46800e-01  -4.94792e-01   7.62544e-01  -3.29623e-01 
  7.06389e-01   4.73973e-01   4.33919e-01  -4.78496e-01   7.53845e-01  -3.27587e-01 
  7.33892e-01   4.85728e-01   4.20985e-01  -4.62240e-01   7.44865e-01  -3.25432e-01 
  7.62466e-01   4.97571e-01   4.08010e-01  -4.46044e-01   7.35599e-01  -3.23154e-01 
  7.92152e-01   5.09489e-01   3.95009e-01  -4.29927e-01   7.26041e-01  -3.20748e-01 
  8.22993e-01   5.21470e-01   3.81998e-01  -4.13911e-01   7.16188e-01  -3.18208e-01 
  8.55036e-01   5.33500e-01   3.68992e-01  -3.98016e-01   7.06035e-01  -3.15530e-01 
  8.88326e-01   5.45566e-01   3.56007e-01  -3.82262e-01   6.95577e-01  -3.12709e-01 
  9.22913e-01   5.57654e-01   3.43057e-01  -3.66669e-01   6.84813e-01  -3.09740e-01 
  9.58846e-01   5.69748e-01   3.30161e-01  -3.51258e-01   6.73739e-01  -3.06619e-01 
  9.96178e-01   5.81832e-01   3.17334e-01  -3.36048e-01   6.62354e-01  -3.03341e-01 
  1.03496e+00   5.93891e-01   3.04594e-01  -3.21059e-01   6.50655e-01  -2.99902e-01 
  1.07526e+00   6.05908e-01   2.91956e-01  -3.06309e-01   6.38643e-01  -2.96299e-01 
  1.11712e+00   6.17867e-01   2.79439e-01  -2.91817e-01   6.26317e-01  -2.92527e-01 
  1.16062e+00   6.29749e-01   2.67059e-01  -2.77601e-01   6.13680e-01  -2.88585e-01 
  1.20581e+00   6.41538e-01   2.54832e-01  -2.63676e-01   6.00732e-01  -2.84470e-01 
  1.25275e+00   6.53217e-01   2.42776e-01  -2.50061e-01   5.87477e-01  -2.80180e-01 
  1.30153e+00   6.64766e-01   2.30907e-01  -2.36768e-01   5.73921e-01  -2.75713e-01 
  1.35220e+00   6.76169e-01   2.19241e-01  -2.23814e-01   5.60067e-01  -2.71068e-01 
  1.40485e+00   6.87407e-01   2.07793e-01  -2.11210e-01   5.45923e-01  -2.66246e-01 
  1.45955e+00   6.98463e-01   1.96579e-01  -1.98969e-01   5.31497e-01  -2.61248e-01 
  1.51637e+00   7.09319e-01   1.85614e-01  -1.87101e-01   5.16798e-01  -2.56074e-01 
  1.57541e+00   7.19958e-01   1.74911e-01  -1.75617e-01   5.01838e-01  -2.50729e-01 
  1.63675e+00   7.30363e-01   1.64483e-01  -1.64524e-01   4.86628e-01  -2.45214e-01 
  1.70047e+00   7.40518e-01   1.54344e-01  -1.53829e-01   4.71183e-01  -2.39534e-01 
  1.76668e+00   7.50407e-01   1.44504e-01  -1.43539e-01   4.55518e-01  -2.33695e-01 
  1.83547e+00   7.60016e-01   1.34975e-01  -1.33658e-01   4.39650e-01  -2.27703e-01 
  1.90693e+00   7.69328e-01   1.25767e-01  -1.24188e-01   4.23597e-01  -2.21565e-01 
  1.98117e+00   7.78332e-01   1.16887e-01  -1.15132e-01   4.07381e-01  -2.15290e-01 
  2.05831e+00   7.87014e-01   1.08345e-01  -1.06490e-01   3.91022e-01  -2.08888e-01 
  2.13845e+00   7.95364e-01   1.00145e-01  -9.82622e-02   3.74544e-01  -2.02369e-01 
  2.22171e+00   8.03371e-01   9.22944e-02  -9.04457e-02   3.57972e-01  -1.95745e-01 
  2.30821e+00   8.11025e-01   8.47961e-02  -8.30376e-02   3.41331e-01  -1.89029e-01 
  2.39808e+00   8.18320e-01   7.76534e-02  -7.60335e-02   3.24650e-01  -1.82234e-01 
  2.49144e+00   8.25249e-01   7.08678e-02  -6.94281e-02   3.07958e-01  -1.75375e-01 
  2.58845e+00   8.31807e-01   6.44395e-02  -6.32148e-02   2.91283e-01  -1.68467e-01 
  2.68923e+00   8.37990e-01   5.83675e-02  -5.73859e-02   2.74656e-01  -1.61526e-01 
  2.79393e+00   8.43797e-01   5.26495e-02  -5.19331e-02   2.58111e-01  -1.54569e-01 
  2.90271e+00   8.49227e-01   4.72820e-02  -4.68467e-02   2.41677e-01  -1.47613e-01 
  3.01572e+00   8.54282e-01   4.22599e-02  -4.21164e-02   2.25390e-01  -1.40677e-01 
  3.13314e+00   8.58964e-01   3.75772e-02  -3.77313e-02   2.09280e-01  -1.33776e-01 
  3.25512e+00   8.63277e-01   3.32265e-02  -3.36794e-02   1.93382e-01  -1.26931e-01 
  3.38186e+00   8.67228e-01   2.91994e-02  -2.99482e-02   1.77728e-01  -1.20159e-01 
  3.51353e+00   8.70823e-01   2.54862e-02  -2.65247e-02   1.62351e-01  -1.13477e-01 
  3.65033e+00   8.74072e-01   2.20764e-02  -2.33953e-02   1.47281e-01  -1.06903e-01 
  3.79245e+00   8.76983e-01   1.89584e-02  -2.05459e-02   1.32551e-01  -1.00454e-01 
  3.94011e+00   8.79568e-01   1.61198e-02  -1.79621e-02   1.18188e-01  -9.41470e-02 
  4.09351e+00   8.81839e-01   1.35475e-02  -1.56292e-02   1.04222e-01  -8.79970e-02 
  4.25289e+00   8.83809e-01   1.12278e-02  -1.35324e-02   9.06795e-02  -8.20188e-02 
  4.41847e+00   8.85491e-01   9.14624e-03  -1.16567e-02   7.75838e-02  -7.62262e-02 
  4.59050e+00   8.86901e-01   7.28831e-03  -9.98699e-03   6.49578e-02  -7.06315e-02 
  4.76923e+00   8.88052e-01   5.63907e-03  -8.50839e-03   5.28215e-02  -6.52461e-02 
  4.95492e+00   8.88960e-01   4.18346e-03  -7.20612e-03   4.11923e-02  -6.00797e-02 
  5.14784e+00   8.89641e-01   2.90648e-03  -6.06563e-03   3.00851e-02  -5.51408e-02 
  5.34826e+00   8.90108e-01   1.79324e-03  -5.07275e-03   1.95118e-02  -5.04362e-02 
  5.55649e+00   8.90378e-01   8.29152e-04  -4.21373e-03   9.48144e-03  -4.59714e-02 
  5.77283e+00   8.90465e-01  -5.20695e-10  -3.47533e-03   2.18224e-10  -4.17501e-02 
