#  Mixed convection heat transfer in the boundary                   layers on an exponentially stretching surface with magnetic field   
#	   eta            f              f'           f''          theta         dtheta
  0.00000e+00   0.00000e+00   1.00000e+00  -1.31369e+00   1.00000e+00   2.88773e+01 
  7.50000e-03   7.46319e-03   9.90203e-01  -1.29880e+00   1.21662e+00   2.88893e+01 
  7.79201e-03   7.75228e-03   9.89824e-01  -1.29822e+00   1.22506e+00   2.88898e+01 
  8.09538e-03   8.05251e-03   9.89430e-01  -1.29763e+00   1.23382e+00   2.88903e+01 
  8.41057e-03   8.36431e-03   9.89021e-01  -1.29701e+00   1.24293e+00   2.88908e+01 
  8.73803e-03   8.68810e-03   9.88597e-01  -1.29636e+00   1.25239e+00   2.88914e+01 
  9.07824e-03   9.02436e-03   9.88156e-01  -1.29569e+00   1.26222e+00   2.88920e+01 
  9.43170e-03   9.37354e-03   9.87698e-01  -1.29500e+00   1.27243e+00   2.88926e+01 
  9.79891e-03   9.73616e-03   9.87223e-01  -1.29428e+00   1.28304e+00   2.88932e+01 
  1.01804e-02   1.01127e-02   9.86729e-01  -1.29353e+00   1.29407e+00   2.88939e+01 
  1.05768e-02   1.05037e-02   9.86216e-01  -1.29275e+00   1.30552e+00   2.88946e+01 
  1.09886e-02   1.09097e-02   9.85684e-01  -1.29195e+00   1.31742e+00   2.88954e+01 
  1.14164e-02   1.13313e-02   9.85132e-01  -1.29111e+00   1.32978e+00   2.88961e+01 
  1.18609e-02   1.17691e-02   9.84558e-01  -1.29024e+00   1.34262e+00   2.88969e+01 
  1.23227e-02   1.22236e-02   9.83962e-01  -1.28934e+00   1.35597e+00   2.88978e+01 
  1.28025e-02   1.26955e-02   9.83344e-01  -1.28840e+00   1.36983e+00   2.88986e+01 
  1.33009e-02   1.31855e-02   9.82702e-01  -1.28743e+00   1.38424e+00   2.88996e+01 
  1.38188e-02   1.36943e-02   9.82036e-01  -1.28642e+00   1.39920e+00   2.89005e+01 
  1.43568e-02   1.42224e-02   9.81344e-01  -1.28538e+00   1.41475e+00   2.89015e+01 
  1.49158e-02   1.47708e-02   9.80626e-01  -1.28429e+00   1.43091e+00   2.89026e+01 
  1.54965e-02   1.53400e-02   9.79880e-01  -1.28316e+00   1.44769e+00   2.89037e+01 
  1.60999e-02   1.59310e-02   9.79106e-01  -1.28199e+00   1.46513e+00   2.89048e+01 
  1.67267e-02   1.65445e-02   9.78303e-01  -1.28078e+00   1.48325e+00   2.89060e+01 
  1.73780e-02   1.71813e-02   9.77469e-01  -1.27952e+00   1.50208e+00   2.89073e+01 
  1.80546e-02   1.78424e-02   9.76604e-01  -1.27821e+00   1.52164e+00   2.89086e+01 
  1.87575e-02   1.85286e-02   9.75706e-01  -1.27686e+00   1.54196e+00   2.89100e+01 
  1.94878e-02   1.92408e-02   9.74774e-01  -1.27545e+00   1.56307e+00   2.89115e+01 
  2.02466e-02   1.99801e-02   9.73807e-01  -1.27399e+00   1.58501e+00   2.89130e+01 
  2.10349e-02   2.07473e-02   9.72803e-01  -1.27248e+00   1.60780e+00   2.89146e+01 
  2.18538e-02   2.15436e-02   9.71762e-01  -1.27091e+00   1.63148e+00   2.89163e+01 
  2.27047e-02   2.23700e-02   9.70681e-01  -1.26928e+00   1.65609e+00   2.89181e+01 
  2.35887e-02   2.32275e-02   9.69560e-01  -1.26759e+00   1.68165e+00   2.89199e+01 
  2.45071e-02   2.41175e-02   9.68396e-01  -1.26584e+00   1.70821e+00   2.89219e+01 
  2.54613e-02   2.50409e-02   9.67189e-01  -1.26402e+00   1.73581e+00   2.89239e+01 
  2.64526e-02   2.59991e-02   9.65937e-01  -1.26214e+00   1.76448e+00   2.89261e+01 
  2.74825e-02   2.69932e-02   9.64638e-01  -1.26018e+00   1.79428e+00   2.89283e+01 
  2.85525e-02   2.80247e-02   9.63291e-01  -1.25816e+00   1.82523e+00   2.89307e+01 
  2.96642e-02   2.90948e-02   9.61894e-01  -1.25606e+00   1.85739e+00   2.89332e+01 
  3.08191e-02   3.02049e-02   9.60444e-01  -1.25388e+00   1.89081e+00   2.89358e+01 
  3.20191e-02   3.13564e-02   9.58941e-01  -1.25162e+00   1.92554e+00   2.89386e+01 
  3.32657e-02   3.25509e-02   9.57382e-01  -1.24928e+00   1.96161e+00   2.89415e+01 
  3.45609e-02   3.37898e-02   9.55766e-01  -1.24686e+00   1.99910e+00   2.89446e+01 
  3.59065e-02   3.50748e-02   9.54090e-01  -1.24435e+00   2.03805e+00   2.89478e+01 
  3.73045e-02   3.64074e-02   9.52352e-01  -1.24175e+00   2.07852e+00   2.89512e+01 
  3.87569e-02   3.77893e-02   9.50550e-01  -1.23905e+00   2.12057e+00   2.89547e+01 
  4.02659e-02   3.92223e-02   9.48683e-01  -1.23626e+00   2.16427e+00   2.89585e+01 
  4.18336e-02   4.07080e-02   9.46747e-01  -1.23336e+00   2.20967e+00   2.89625e+01 
  4.34624e-02   4.22484e-02   9.44740e-01  -1.23037e+00   2.25685e+00   2.89667e+01 
  4.51545e-02   4.38453e-02   9.42661e-01  -1.22726e+00   2.30587e+00   2.89711e+01 
  4.69126e-02   4.55007e-02   9.40506e-01  -1.22405e+00   2.35680e+00   2.89757e+01 
  4.87391e-02   4.72165e-02   9.38273e-01  -1.22072e+00   2.40973e+00   2.89806e+01 
  5.06367e-02   4.89948e-02   9.35960e-01  -1.21728e+00   2.46473e+00   2.89858e+01 
  5.26083e-02   5.08377e-02   9.33564e-01  -1.21371e+00   2.52188e+00   2.89913e+01 
  5.46565e-02   5.27473e-02   9.31082e-01  -1.21002e+00   2.58127e+00   2.89970e+01 
  5.67845e-02   5.47259e-02   9.28511e-01  -1.20621e+00   2.64298e+00   2.90031e+01 
  5.89954e-02   5.67758e-02   9.25848e-01  -1.20226e+00   2.70711e+00   2.90096e+01 
  6.12923e-02   5.88992e-02   9.23092e-01  -1.19817e+00   2.77375e+00   2.90164e+01 
  6.36787e-02   6.10987e-02   9.20237e-01  -1.19394e+00   2.84301e+00   2.90236e+01 
  6.61580e-02   6.33765e-02   9.17283e-01  -1.18957e+00   2.91497e+00   2.90312e+01 
  6.87338e-02   6.57354e-02   9.14224e-01  -1.18506e+00   2.98976e+00   2.90392e+01 
  7.14099e-02   6.81777e-02   9.11059e-01  -1.18039e+00   3.06749e+00   2.90477e+01 
  7.41902e-02   7.07061e-02   9.07784e-01  -1.17556e+00   3.14826e+00   2.90567e+01 
  7.70788e-02   7.33234e-02   9.04396e-01  -1.17057e+00   3.23220e+00   2.90662e+01 
  8.00798e-02   7.60323e-02   9.00891e-01  -1.16542e+00   3.31945e+00   2.90762e+01 
  8.31976e-02   7.88354e-02   8.97265e-01  -1.16010e+00   3.41012e+00   2.90869e+01 
  8.64369e-02   8.17358e-02   8.93516e-01  -1.15461e+00   3.50436e+00   2.90981e+01 
  8.98022e-02   8.47363e-02   8.89640e-01  -1.14893e+00   3.60230e+00   2.91100e+01 
  9.32986e-02   8.78398e-02   8.85633e-01  -1.14308e+00   3.70410e+00   2.91226e+01 
  9.69311e-02   9.10494e-02   8.81492e-01  -1.13704e+00   3.80992e+00   2.91360e+01 
  1.00705e-01   9.43680e-02   8.77213e-01  -1.13080e+00   3.91990e+00   2.91501e+01 
  1.04626e-01   9.77988e-02   8.72792e-01  -1.12437e+00   4.03422e+00   2.91651e+01 
  1.08700e-01   1.01345e-01   8.68225e-01  -1.11775e+00   4.15306e+00   2.91810e+01 
  1.12932e-01   1.05009e-01   8.63509e-01  -1.11091e+00   4.27660e+00   2.91978e+01 
  1.17329e-01   1.08795e-01   8.58640e-01  -1.10387e+00   4.40502e+00   2.92156e+01 
  1.21897e-01   1.12706e-01   8.53614e-01  -1.09662e+00   4.53852e+00   2.92344e+01 
  1.26643e-01   1.16745e-01   8.48427e-01  -1.08915e+00   4.67731e+00   2.92543e+01 
  1.31573e-01   1.20915e-01   8.43076e-01  -1.08146e+00   4.82161e+00   2.92755e+01 
  1.36696e-01   1.25220e-01   8.37556e-01  -1.07355e+00   4.97164e+00   2.92979e+01 
  1.42018e-01   1.29662e-01   8.31864e-01  -1.06540e+00   5.12763e+00   2.93216e+01 
  1.47548e-01   1.34246e-01   8.25996e-01  -1.05703e+00   5.28983e+00   2.93467e+01 
  1.53292e-01   1.38974e-01   8.19949e-01  -1.04842e+00   5.45849e+00   2.93733e+01 
  1.59261e-01   1.43849e-01   8.13718e-01  -1.03958e+00   5.63388e+00   2.94014e+01 
  1.65461e-01   1.48874e-01   8.07300e-01  -1.03049e+00   5.81628e+00   2.94312e+01 
  1.71903e-01   1.54054e-01   8.00692e-01  -1.02116e+00   6.00598e+00   2.94628e+01 
  1.78596e-01   1.59390e-01   7.93889e-01  -1.01159e+00   6.20329e+00   2.94962e+01 
  1.85550e-01   1.64886e-01   7.86889e-01  -1.00176e+00   6.40851e+00   2.95315e+01 
  1.92774e-01   1.70545e-01   7.79689e-01  -9.91692e-01   6.62199e+00   2.95689e+01 
  2.00280e-01   1.76369e-01   7.72284e-01  -9.81369e-01   6.84407e+00   2.96085e+01 
  2.08078e-01   1.82361e-01   7.64673e-01  -9.70794e-01   7.07511e+00   2.96503e+01 
  2.16179e-01   1.88524e-01   7.56852e-01  -9.59966e-01   7.31550e+00   2.96946e+01 
  2.24596e-01   1.94861e-01   7.48819e-01  -9.48886e-01   7.56563e+00   2.97413e+01 
  2.33340e-01   2.01372e-01   7.40571e-01  -9.37553e-01   7.82592e+00   2.97907e+01 
  2.42425e-01   2.08062e-01   7.32107e-01  -9.25969e-01   8.09680e+00   2.98428e+01 
  2.51864e-01   2.14931e-01   7.23423e-01  -9.14134e-01   8.37873e+00   2.98979e+01 
  2.61670e-01   2.21981e-01   7.14518e-01  -9.02051e-01   8.67220e+00   2.99560e+01 
  2.71858e-01   2.29214e-01   7.05391e-01  -8.89722e-01   8.97770e+00   3.00173e+01 
  2.82442e-01   2.36631e-01   6.96040e-01  -8.77150e-01   9.29576e+00   3.00819e+01 
  2.93439e-01   2.44232e-01   6.86465e-01  -8.64339e-01   9.62694e+00   3.01499e+01 
  3.04864e-01   2.52019e-01   6.76665e-01  -8.51293e-01   9.97181e+00   3.02216e+01 
  3.16734e-01   2.59991e-01   6.66640e-01  -8.38018e-01   1.03310e+01   3.02970e+01 
  3.29065e-01   2.68148e-01   6.56389e-01  -8.24518e-01   1.07051e+01   3.03763e+01 
  3.41877e-01   2.76491e-01   6.45913e-01  -8.10801e-01   1.10948e+01   3.04596e+01 
  3.55188e-01   2.85017e-01   6.35214e-01  -7.96874e-01   1.15008e+01   3.05471e+01 
  3.69017e-01   2.93726e-01   6.24292e-01  -7.82745e-01   1.19239e+01   3.06389e+01 
  3.83385e-01   3.02615e-01   6.13149e-01  -7.68423e-01   1.23648e+01   3.07351e+01 
  3.98311e-01   3.11682e-01   6.01788e-01  -7.53917e-01   1.28243e+01   3.08358e+01 
  4.13819e-01   3.20924e-01   5.90211e-01  -7.39238e-01   1.33033e+01   3.09411e+01 
  4.29931e-01   3.30339e-01   5.78420e-01  -7.24397e-01   1.38027e+01   3.10512e+01 
  4.46670e-01   3.39920e-01   5.66421e-01  -7.09407e-01   1.43234e+01   3.11660e+01 
  4.64061e-01   3.49664e-01   5.54216e-01  -6.94279e-01   1.48665e+01   3.12857e+01 
  4.82129e-01   3.59565e-01   5.41810e-01  -6.79028e-01   1.54329e+01   3.14102e+01 
  5.00900e-01   3.69617e-01   5.29209e-01  -6.63668e-01   1.60237e+01   3.15397e+01 
  5.20402e-01   3.79812e-01   5.16417e-01  -6.48214e-01   1.66401e+01   3.16739e+01 
  5.40664e-01   3.90144e-01   5.03442e-01  -6.32682e-01   1.72833e+01   3.18129e+01 
  5.61714e-01   4.00602e-01   4.90289e-01  -6.17089e-01   1.79545e+01   3.19566e+01 
  5.83584e-01   4.11179e-01   4.76965e-01  -6.01451e-01   1.86550e+01   3.21048e+01 
  6.06306e-01   4.21862e-01   4.63478e-01  -5.85786e-01   1.93862e+01   3.22573e+01 
  6.29912e-01   4.32641e-01   4.49836e-01  -5.70113e-01   2.01495e+01   3.24138e+01 
  6.54437e-01   4.43504e-01   4.36047e-01  -5.54449e-01   2.09464e+01   3.25740e+01 
  6.79917e-01   4.54436e-01   4.22120e-01  -5.38815e-01   2.17785e+01   3.27374e+01 
  7.06389e-01   4.65423e-01   4.08065e-01  -5.23228e-01   2.26473e+01   3.29037e+01 
  7.33892e-01   4.76450e-01   3.93889e-01  -5.07709e-01   2.35546e+01   3.30721e+01 
  7.62466e-01   4.87500e-01   3.79604e-01  -4.92277e-01   2.45020e+01   3.32419e+01 
  7.92152e-01   4.98554e-01   3.65220e-01  -4.76951e-01   2.54914e+01   3.34125e+01 
  8.22993e-01   5.09594e-01   3.50746e-01  -4.61751e-01   2.65246e+01   3.35827e+01 
  8.55036e-01   5.20598e-01   3.36193e-01  -4.46695e-01   2.76034e+01   3.37515e+01 
  8.88326e-01   5.31546e-01   3.21573e-01  -4.31803e-01   2.87297e+01   3.39176e+01 
  9.22913e-01   5.42412e-01   3.06895e-01  -4.17091e-01   2.99057e+01   3.40796e+01 
  9.58846e-01   5.53174e-01   2.92171e-01  -4.02578e-01   3.11331e+01   3.42360e+01 
  9.96178e-01   5.63804e-01   2.77411e-01  -3.88279e-01   3.24140e+01   3.43848e+01 
  1.03496e+00   5.74275e-01   2.62627e-01  -3.74211e-01   3.37504e+01   3.45241e+01 
  1.07526e+00   5.84558e-01   2.47829e-01  -3.60387e-01   3.51442e+01   3.46514e+01 
  1.11712e+00   5.94621e-01   2.33028e-01  -3.46821e-01   3.65973e+01   3.47644e+01 
  1.16062e+00   6.04433e-01   2.18235e-01  -3.33524e-01   3.81115e+01   3.48601e+01 
  1.20581e+00   6.13958e-01   2.03461e-01  -3.20505e-01   3.96886e+01   3.49353e+01 
  1.25275e+00   6.23162e-01   1.88716e-01  -3.07774e-01   4.13300e+01   3.49867e+01 
  1.30153e+00   6.32005e-01   1.74011e-01  -2.95336e-01   4.30372e+01   3.50104e+01 
  1.35220e+00   6.40449e-01   1.59356e-01  -2.83196e-01   4.48112e+01   3.50022e+01 
  1.40485e+00   6.48452e-01   1.44761e-01  -2.71355e-01   4.66530e+01   3.49574e+01 
  1.45955e+00   6.55970e-01   1.30238e-01  -2.59814e-01   4.85629e+01   3.48712e+01 
  1.51637e+00   6.62958e-01   1.15797e-01  -2.48569e-01   5.05409e+01   3.47381e+01 
  1.57541e+00   6.69367e-01   1.01448e-01  -2.37616e-01   5.25866e+01   3.45522e+01 
  1.63675e+00   6.75150e-01   8.72042e-02  -2.26948e-01   5.46987e+01   3.43073e+01 
  1.70047e+00   6.80253e-01   7.30766e-02  -2.16553e-01   5.68753e+01   3.39965e+01 
  1.76668e+00   6.84624e-01   5.90783e-02  -2.06420e-01   5.91138e+01   3.36126e+01 
  1.83547e+00   6.88208e-01   4.52233e-02  -1.96533e-01   6.14102e+01   3.31480e+01 
  1.90693e+00   6.90946e-01   3.15271e-02  -1.86875e-01   6.37597e+01   3.25946e+01 
  1.98117e+00   6.92780e-01   1.80068e-02  -1.77427e-01   6.61560e+01   3.19440e+01 
  2.05831e+00   6.93651e-01   4.68138e-03  -1.68167e-01   6.85914e+01   3.11875e+01 
  2.13845e+00   6.93496e-01  -8.42752e-03  -1.59071e-01   7.10563e+01   3.03160e+01 
  2.22171e+00   6.92253e-01  -2.12955e-02  -1.50114e-01   7.35396e+01   2.93205e+01 
  2.30821e+00   6.89861e-01  -3.38949e-02  -1.41272e-01   7.60277e+01   2.81919e+01 
  2.39808e+00   6.86256e-01  -4.61942e-02  -1.32516e-01   7.85049e+01   2.69214e+01 
  2.49144e+00   6.81378e-01  -5.81581e-02  -1.23822e-01   8.09529e+01   2.55004e+01 
  2.58845e+00   6.75168e-01  -6.97463e-02  -1.15163e-01   8.33508e+01   2.39213e+01 
  2.68923e+00   6.67569e-01  -8.09138e-02  -1.06516e-01   8.56745e+01   2.21773e+01 
  2.79393e+00   6.58529e-01  -9.16104e-02  -9.78586e-02   8.78972e+01   2.02629e+01 
  2.90271e+00   6.48002e-01  -1.01780e-01  -8.91738e-02   8.99887e+01   1.81745e+01 
  3.01572e+00   6.35949e-01  -1.11363e-01  -8.04476e-02   9.19156e+01   1.59107e+01 
  3.13314e+00   6.22339e-01  -1.20290e-01  -7.16721e-02   9.36414e+01   1.34728e+01 
  3.25512e+00   6.07154e-01  -1.28492e-01  -6.28462e-02   9.51266e+01   1.08655e+01 
  3.38186e+00   5.90388e-01  -1.35892e-01  -5.39766e-02   9.63287e+01   8.09703e+00 
  3.51353e+00   5.72054e-01  -1.42410e-01  -4.50789e-02   9.72031e+01   5.18032e+00 
  3.65033e+00   5.52179e-01  -1.47963e-01  -3.61787e-02   9.77034e+01   2.13296e+00 
  3.79245e+00   5.30814e-01  -1.52471e-01  -2.73121e-02   9.77820e+01  -1.02223e+00 
  3.94011e+00   5.08036e-01  -1.55849e-01  -1.85262e-02   9.73915e+01  -4.25694e+00 
  4.09351e+00   4.83944e-01  -1.58022e-01  -9.87892e-03   9.64856e+01  -7.53738e+00 
  4.25289e+00   4.58670e-01  -1.58916e-01  -1.43849e-03   9.50205e+01  -1.08244e+01 
  4.41847e+00   4.32374e-01  -1.58470e-01   6.71760e-03   9.29566e+01  -1.40743e+01 
  4.59050e+00   4.05251e-01  -1.56634e-01   1.45046e-02   9.02598e+01  -1.72392e+01 
  4.76923e+00   3.77528e-01  -1.53375e-01   2.18331e-02   8.69038e+01  -2.02689e+01 
  4.95492e+00   3.49465e-01  -1.48679e-01   2.86124e-02   8.28712e+01  -2.31124e+01 
  5.14784e+00   3.21354e-01  -1.42552e-01   3.47542e-02   7.81552e+01  -2.57197e+01 
  5.34826e+00   2.93519e-01  -1.35027e-01   4.01775e-02   7.27607e+01  -2.80446e+01 
  5.55649e+00   2.66308e-01  -1.26160e-01   4.48134e-02   6.67052e+01  -3.00470e+01 
  5.77283e+00   2.40095e-01  -1.16037e-01   4.86098e-02   6.00188e+01  -3.16959e+01 
  5.99759e+00   2.15269e-01  -1.04764e-01   5.15359e-02   5.27434e+01  -3.29715e+01 
  6.23111e+00   1.92231e-01  -9.24717e-02   5.35869e-02   4.49315e+01  -3.38679e+01 
  6.47371e+00   1.71388e-01  -7.93082e-02   5.47860e-02   3.66435e+01  -3.43945e+01 
  6.72576e+00   1.53145e-01  -6.54325e-02   5.51876e-02   2.79443e+01  -3.45776e+01 
  6.98762e+00   1.37901e-01  -5.10074e-02   5.48767e-02   1.88992e+01  -3.44607e+01 
  7.25968e+00   1.26046e-01  -3.61900e-02   5.39692e-02   9.56808e+00  -3.41041e+01 
  7.54233e+00   1.17955e-01  -2.11202e-02   5.26096e-02  -4.60024e-04  -3.35851e+01 
