#  Mixed convection heat transfer in the boundary                   layers on an exponentially stretching surface with magnetic field   
#	   eta            f              f'           f''          theta         dtheta
  0.00000e+00   0.00000e+00   1.00000e+00  -1.28221e+00   1.00000e+00  -2.15787e-01 
  7.50000e-02   7.15295e-02   9.09200e-01  -1.14243e+00   9.83146e-01  -2.33213e-01 
  1.50000e-01   1.36624e-01   8.28179e-01  -1.02093e+00   9.65081e-01  -2.48122e-01 
  2.25000e-01   1.95969e-01   7.55674e-01  -9.14899e-01   9.45986e-01  -2.60707e-01 
  3.00000e-01   2.50161e-01   6.90615e-01  -8.22024e-01   9.26028e-01  -2.71159e-01 
  3.75000e-01   2.99725e-01   6.32090e-01  -7.40387e-01   9.05361e-01  -2.79662e-01 
  4.50000e-01   3.45119e-01   5.79317e-01  -6.68390e-01   8.84123e-01  -2.86390e-01 
  5.25000e-01   3.86749e-01   5.31624e-01  -6.04696e-01   8.62442e-01  -2.91510e-01 
  6.00000e-01   4.24975e-01   4.88433e-01  -5.48179e-01   8.40433e-01  -2.95179e-01 
  6.75000e-01   4.60114e-01   4.49242e-01  -4.97890e-01   8.18198e-01  -2.97542e-01 
  7.50000e-01   4.92450e-01   4.13614e-01  -4.53024e-01   7.95831e-01  -2.98738e-01 
  8.25000e-01   5.22236e-01   3.81170e-01  -4.12893e-01   7.73414e-01  -2.98893e-01 
  9.00000e-01   5.49697e-01   3.51576e-01  -3.76912e-01   7.51020e-01  -2.98124e-01 
  9.75000e-01   5.75036e-01   3.24542e-01  -3.44578e-01   7.28715e-01  -2.96538e-01 
  1.05000e+00   5.98436e-01   2.99809e-01  -3.15458e-01   7.06557e-01  -2.94235e-01 
  1.12500e+00   6.20059e-01   2.77152e-01  -2.89179e-01   6.84596e-01  -2.91305e-01 
  1.20000e+00   6.40055e-01   2.56370e-01  -2.65418e-01   6.62875e-01  -2.87830e-01 
  1.27500e+00   6.58557e-01   2.37284e-01  -2.43892e-01   6.41433e-01  -2.83884e-01 
  1.35000e+00   6.75686e-01   2.19736e-01  -2.24358e-01   6.20302e-01  -2.79537e-01 
  1.42500e+00   6.91552e-01   2.03586e-01  -2.06601e-01   5.99511e-01  -2.74849e-01 
  1.50000e+00   7.06256e-01   1.88706e-01  -1.90434e-01   5.79082e-01  -2.69876e-01 
  1.57500e+00   7.19887e-01   1.74985e-01  -1.75692e-01   5.59035e-01  -2.64668e-01 
  1.65000e+00   7.32530e-01   1.62320e-01  -1.62231e-01   5.39387e-01  -2.59269e-01 
  1.72500e+00   7.44260e-01   1.50621e-01  -1.49922e-01   5.20149e-01  -2.53719e-01 
  1.80000e+00   7.55145e-01   1.39806e-01  -1.38652e-01   5.01332e-01  -2.48056e-01 
  1.87500e+00   7.65251e-01   1.29800e-01  -1.28321e-01   4.82943e-01  -2.42309e-01 
  1.95000e+00   7.74634e-01   1.20537e-01  -1.18840e-01   4.64987e-01  -2.36508e-01 
  2.02500e+00   7.83348e-01   1.11955e-01  -1.10129e-01   4.47467e-01  -2.30678e-01 
  2.10000e+00   7.91443e-01   1.04000e-01  -1.02117e-01   4.30385e-01  -2.24841e-01 
  2.17500e+00   7.98963e-01   9.66214e-02  -9.47413e-02   4.13741e-01  -2.19016e-01 
  2.25000e+00   8.05949e-01   8.97742e-02  -8.79444e-02   3.97532e-01  -2.13222e-01 
  2.32500e+00   8.12441e-01   8.34166e-02  -8.16755e-02   3.81756e-01  -2.07471e-01 
  2.40000e+00   8.18473e-01   7.75108e-02  -7.58889e-02   3.66410e-01  -2.01778e-01 
  2.47500e+00   8.24078e-01   7.20222e-02  -7.05431e-02   3.51488e-01  -1.96153e-01 
  2.55000e+00   8.29286e-01   6.69192e-02  -6.56010e-02   3.36985e-01  -1.90607e-01 
  2.62500e+00   8.34125e-01   6.21728e-02  -6.10287e-02   3.22895e-01  -1.85146e-01 
  2.70000e+00   8.38620e-01   5.77565e-02  -5.67958e-02   3.09211e-01  -1.79779e-01 
  2.77500e+00   8.42796e-01   5.36457e-02  -5.28747e-02   2.95925e-01  -1.74510e-01 
  2.85000e+00   8.46674e-01   4.98181e-02  -4.92401e-02   2.83032e-01  -1.69345e-01 
  2.92500e+00   8.50275e-01   4.62531e-02  -4.58693e-02   2.70521e-01  -1.64287e-01 
  3.00000e+00   8.53618e-01   4.29316e-02  -4.27415e-02   2.58386e-01  -1.59338e-01 
  3.07500e+00   8.56721e-01   3.98363e-02  -3.98376e-02   2.46617e-01  -1.54502e-01 
  3.15000e+00   8.59599e-01   3.69508e-02  -3.71404e-02   2.35208e-01  -1.49780e-01 
  3.22500e+00   8.62268e-01   3.42604e-02  -3.46341e-02   2.24148e-01  -1.45172e-01 
  3.30000e+00   8.64742e-01   3.17513e-02  -3.23041e-02   2.13429e-01  -1.40680e-01 
  3.37500e+00   8.67035e-01   2.94107e-02  -3.01372e-02   2.03043e-01  -1.36302e-01 
  3.45000e+00   8.69158e-01   2.72269e-02  -2.81212e-02   1.92981e-01  -1.32040e-01 
  3.52500e+00   8.71123e-01   2.51891e-02  -2.62450e-02   1.83234e-01  -1.27892e-01 
  3.60000e+00   8.72940e-01   2.32870e-02  -2.44982e-02   1.73794e-01  -1.23857e-01 
  3.67500e+00   8.74619e-01   2.15113e-02  -2.28714e-02   1.64653e-01  -1.19934e-01 
  3.75000e+00   8.76169e-01   1.98535e-02  -2.13560e-02   1.55801e-01  -1.16122e-01 
  3.82500e+00   8.77600e-01   1.83053e-02  -1.99439e-02   1.47232e-01  -1.12419e-01 
  3.90000e+00   8.78918e-01   1.68595e-02  -1.86277e-02   1.38936e-01  -1.08823e-01 
  3.97500e+00   8.80131e-01   1.55090e-02  -1.74006e-02   1.30906e-01  -1.05333e-01 
  4.05000e+00   8.81246e-01   1.42473e-02  -1.62563e-02   1.23133e-01  -1.01945e-01 
  4.12500e+00   8.82270e-01   1.30686e-02  -1.51890e-02   1.15611e-01  -9.86597e-02 
  4.20000e+00   8.83209e-01   1.19672e-02  -1.41932e-02   1.08332e-01  -9.54731e-02 
  4.27500e+00   8.84067e-01   1.09379e-02  -1.32641e-02   1.01288e-01  -9.23834e-02 
  4.35000e+00   8.84851e-01   9.97603e-03  -1.23969e-02   9.44720e-02  -8.93884e-02 
  4.42500e+00   8.85565e-01   9.07696e-03  -1.15874e-02   8.78773e-02  -8.64858e-02 
  4.50000e+00   8.86214e-01   8.23657e-03  -1.08317e-02   8.14969e-02  -8.36734e-02 
  4.57500e+00   8.86802e-01   7.45095e-03  -1.01260e-02   7.53241e-02  -8.09488e-02 
  4.65000e+00   8.87333e-01   6.71650e-03  -9.46699e-03   6.93524e-02  -7.83097e-02 
  4.72500e+00   8.87811e-01   6.02982e-03  -8.85142e-03   6.35755e-02  -7.57540e-02 
  4.80000e+00   8.88238e-01   5.38777e-03  -8.27638e-03   5.79873e-02  -7.32792e-02 
  4.87500e+00   8.88620e-01   4.78742e-03  -7.73912e-03   5.25817e-02  -7.08832e-02 
  4.95000e+00   8.88958e-01   4.22602e-03  -7.23711e-03   4.73529e-02  -6.85638e-02 
  5.02500e+00   8.89255e-01   3.70103e-03  -6.76798e-03   4.22953e-02  -6.63187e-02 
  5.10000e+00   8.89514e-01   3.21006e-03  -6.32953e-03   3.74033e-02  -6.41459e-02 
  5.17500e+00   8.89737e-01   2.75089e-03  -5.91970e-03   3.26716e-02  -6.20431e-02 
  5.25000e+00   8.89927e-01   2.32144e-03  -5.53660e-03   2.80951e-02  -6.00084e-02 
  5.32500e+00   8.90086e-01   1.91977e-03  -5.17844e-03   2.36687e-02  -5.80397e-02 
  5.40000e+00   8.90216e-01   1.54409e-03  -4.84357e-03   1.93876e-02  -5.61349e-02 
  5.47500e+00   8.90318e-01   1.19269e-03  -4.53045e-03   1.52469e-02  -5.42923e-02 
  5.55000e+00   8.90395e-01   8.64013e-04  -4.23765e-03   1.12422e-02  -5.25097e-02 
  5.62500e+00   8.90448e-01   5.56572e-04  -3.96382e-03   7.36901e-03  -5.07854e-02 
  5.70000e+00   8.90479e-01   2.68996e-04  -3.70772e-03   3.62299e-03  -4.91176e-02 
  5.77500e+00   8.90489e-01   3.82122e-10  -3.46818e-03   8.49116e-11  -4.75045e-02 
