#  Mixed convection heat transfer in the boundary                   layers on an exponentially stretching surface with magnetic field   
#	   eta            f              f'           f''          theta         dtheta
  0.00000e+00   0.00000e+00   1.00000e+00  -1.32305e+00   1.00000e+00  -4.98573e+00 
  7.50000e-02   7.14145e-02   9.06129e-01  -1.18360e+00   6.86350e-01  -3.46675e+00 
  1.50000e-01   1.36162e-01   8.21990e-01  -1.06299e+00   4.68755e-01  -2.39874e+00 
  2.25000e-01   1.94924e-01   7.46283e-01  -9.58307e-01   3.18559e-01  -1.65117e+00 
  3.00000e-01   2.48288e-01   6.77906e-01  -8.67157e-01   2.15429e-01  -1.13052e+00 
  3.75000e-01   2.96769e-01   6.15921e-01  -7.87539e-01   1.44996e-01  -7.69891e-01 
  4.50000e-01   3.40816e-01   5.59529e-01  -7.17784e-01   9.71501e-02  -5.21524e-01 
  5.25000e-01   3.80821e-01   5.08042e-01  -6.56495e-01   6.48178e-02  -3.51466e-01 
  6.00000e-01   4.17130e-01   4.60873e-01  -6.02490e-01   4.30787e-02  -2.35701e-01 
  6.75000e-01   4.50047e-01   4.17512e-01  -5.54770e-01   2.85316e-02  -1.57344e-01 
  7.50000e-01   4.79841e-01   3.77521e-01  -5.12483e-01   1.88399e-02  -1.04595e-01 
  8.25000e-01   5.06750e-01   3.40522e-01  -4.74903e-01   1.24089e-02  -6.92674e-02 
  9.00000e-01   5.30986e-01   3.06184e-01  -4.41405e-01   8.15673e-03  -4.57205e-02 
  9.75000e-01   5.52737e-01   2.74222e-01  -4.11455e-01   5.35383e-03  -3.00937e-02 
  1.05000e+00   5.72172e-01   2.44389e-01  -3.84589e-01   3.51097e-03  -1.97631e-02 
  1.12500e+00   5.89443e-01   2.16467e-01  -3.60406e-01   2.30174e-03  -1.29565e-02 
  1.20000e+00   6.04686e-01   1.90269e-01  -3.38558e-01   1.50945e-03  -8.48446e-03 
  1.27500e+00   6.18023e-01   1.65633e-01  -3.18743e-01   9.90781e-04  -5.55285e-03 
  1.35000e+00   6.29566e-01   1.42414e-01  -3.00697e-01   6.51340e-04  -3.63430e-03 
  1.42500e+00   6.39417e-01   1.20490e-01  -2.84190e-01   4.29125e-04  -2.38011e-03 
  1.50000e+00   6.47669e-01   9.97519e-02  -2.69022e-01   2.83519e-04  -1.56066e-03 
  1.57500e+00   6.54407e-01   8.01073e-02  -2.55015e-01   1.87967e-04  -1.02522e-03 
  1.65000e+00   6.59710e-01   6.14745e-02  -2.42016e-01   1.25130e-04  -6.75131e-04 
  1.72500e+00   6.63652e-01   4.37831e-02  -2.29890e-01   8.36933e-05  -4.45946e-04 
  1.80000e+00   6.66300e-01   2.69721e-02  -2.18519e-01   5.62778e-05  -2.95641e-04 
  1.87500e+00   6.67718e-01   1.09889e-02  -2.07800e-01   3.80675e-05  -1.96833e-04 
  1.95000e+00   6.67968e-01  -4.21187e-03  -1.97642e-01   2.59164e-05  -1.31688e-04 
  2.02500e+00   6.67105e-01  -1.86694e-02  -1.87967e-01   1.77665e-05  -8.85864e-05 
  2.10000e+00   6.65185e-01  -3.24173e-02  -1.78707e-01   1.22688e-05  -5.99543e-05 
  2.17500e+00   6.62260e-01  -4.54844e-02  -1.69803e-01   8.53663e-06  -4.08468e-05 
  2.25000e+00   6.58379e-01  -5.78953e-02  -1.61203e-01   5.98543e-06  -2.80300e-05 
  2.32500e+00   6.53591e-01  -6.96713e-02  -1.52864e-01   4.22845e-06  -1.93840e-05 
  2.40000e+00   6.47943e-01  -8.08305e-02  -1.44749e-01   3.00878e-06  -1.35154e-05 
  2.47500e+00   6.41482e-01  -9.13885e-02  -1.36826e-01   2.15495e-06  -9.50499e-06 
  2.55000e+00   6.34250e-01  -1.01359e-01  -1.29070e-01   1.55195e-06  -6.74446e-06 
  2.62500e+00   6.26292e-01  -1.10753e-01  -1.21458e-01   1.12225e-06  -4.82935e-06 
  2.70000e+00   6.17651e-01  -1.19580e-01  -1.13974e-01   8.13237e-07  -3.48961e-06 
  2.77500e+00   6.08369e-01  -1.27852e-01  -1.06605e-01   5.89002e-07  -2.54402e-06 
  2.85000e+00   5.98487e-01  -1.35574e-01  -9.93394e-02   4.24869e-07  -1.87032e-06 
  2.92500e+00   5.88046e-01  -1.42755e-01  -9.21709e-02   3.03752e-07  -1.38559e-06 
  3.00000e+00   5.77087e-01  -1.49402e-01  -8.50945e-02   2.13736e-07  -1.03323e-06 
  3.07500e+00   5.65649e-01  -1.55521e-01  -7.81081e-02   1.46440e-07  -7.74383e-07 
  3.15000e+00   5.53772e-01  -1.61120e-01  -7.12114e-02   9.59184e-08  -5.82196e-07 
  3.22500e+00   5.41494e-01  -1.66205e-01  -6.44057e-02   5.79156e-08  -4.37976e-07 
  3.30000e+00   5.28854e-01  -1.70783e-01  -5.76940e-02   2.93535e-08  -3.28625e-07 
  3.37500e+00   5.15889e-01  -1.74862e-01  -5.10804e-02   7.98354e-09  -2.44895e-07 
  3.45000e+00   5.02637e-01  -1.78448e-01  -4.45701e-02  -7.85521e-09  -1.80204e-07 
  3.52500e+00   4.89134e-01  -1.81550e-01  -3.81690e-02  -1.94039e-08  -1.29830e-07 
  3.60000e+00   4.75416e-01  -1.84176e-01  -3.18838e-02  -2.76013e-08  -9.03523e-08 
  3.67500e+00   4.61519e-01  -1.86336e-01  -2.57215e-02  -3.31662e-08  -5.92740e-08 
  3.75000e+00   4.47477e-01  -1.88038e-01  -1.96893e-02  -3.66559e-08  -3.47503e-08 
  3.82500e+00   4.33325e-01  -1.89293e-01  -1.37949e-02  -3.85079e-08  -1.54048e-08 
  3.90000e+00   4.19095e-01  -1.90111e-01  -8.04567e-03  -3.90699e-08  -1.97927e-10 
  3.97500e+00   4.04819e-01  -1.90503e-01  -2.44894e-03  -3.86211e-08   1.16657e-08 
  4.05000e+00   3.90529e-01  -1.90482e-01   2.98816e-03  -3.73881e-08   2.08029e-08 
  4.12500e+00   3.76257e-01  -1.90059e-01   8.25884e-03  -3.55566e-08   2.76986e-08 
  4.20000e+00   3.62030e-01  -1.89247e-01   1.33567e-02  -3.32796e-08   3.27405e-08 
  4.27500e+00   3.47879e-01  -1.88060e-01   1.82760e-02  -3.06840e-08   3.62424e-08 
  4.35000e+00   3.33830e-01  -1.86511e-01   2.30114e-02  -2.78752e-08   3.84627e-08 
  4.42500e+00   3.19911e-01  -1.84613e-01   2.75582e-02  -2.49412e-08   3.96166e-08 
  4.50000e+00   3.06147e-01  -1.82382e-01   3.19123e-02  -2.19548e-08   3.98860e-08 
  4.57500e+00   2.92562e-01  -1.79831e-01   3.60706e-02  -1.89765e-08   3.94263e-08 
  4.65000e+00   2.79180e-01  -1.76976e-01   4.00304e-02  -1.60557e-08   3.83712e-08 
  4.72500e+00   2.66023e-01  -1.73832e-01   4.37900e-02  -1.32328e-08   3.68368e-08 
  4.80000e+00   2.53112e-01  -1.70413e-01   4.73481e-02  -1.05397e-08   3.49244e-08 
  4.87500e+00   2.40467e-01  -1.66734e-01   5.07045e-02  -8.00136e-09   3.27226e-08 
  4.95000e+00   2.28108e-01  -1.62812e-01   5.38595e-02  -5.63658e-09   3.03088e-08 
  5.02500e+00   2.16051e-01  -1.58661e-01   5.68144e-02  -3.45863e-09   2.77509e-08 
  5.10000e+00   2.04314e-01  -1.54295e-01   5.95710e-02  -1.47606e-09   2.51079e-08 
  5.17500e+00   1.92912e-01  -1.49730e-01   6.21318e-02   3.06707e-10   2.24308e-08 
  5.25000e+00   1.81859e-01  -1.44980e-01   6.45000e-02   1.88881e-09   1.97635e-08 
  5.32500e+00   1.71169e-01  -1.40059e-01   6.66794e-02   3.27241e-09   1.71433e-08 
  5.40000e+00   1.60854e-01  -1.34983e-01   6.86745e-02   4.46227e-09   1.46017e-08 
  5.47500e+00   1.50925e-01  -1.29763e-01   7.04903e-02   5.46527e-09   1.21642e-08 
  5.55000e+00   1.41393e-01  -1.24413e-01   7.21321e-02   6.29003e-09   9.85162e-09 
  5.62500e+00   1.32266e-01  -1.18947e-01   7.36061e-02   6.94654e-09   7.68005e-09 
  5.70000e+00   1.23553e-01  -1.13377e-01   7.49185e-02   7.44586e-09   5.66138e-09 
  5.77500e+00   1.15262e-01  -1.07713e-01   7.60762e-02   7.79978e-09   3.80372e-09 
  5.85000e+00   1.07398e-01  -1.01969e-01   7.70863e-02   8.02057e-09   2.11183e-09 
  5.92500e+00   9.99685e-02  -9.61538e-02   7.79562e-02   8.12074e-09   5.87425e-10 
  6.00000e+00   9.29769e-02  -9.02787e-02   7.86936e-02   8.11285e-09  -7.70369e-10 
  6.07500e+00   8.64279e-02  -8.43529e-02   7.93064e-02   8.00927e-09  -1.96473e-09 
  6.15000e+00   8.03250e-02  -7.83856e-02   7.98028e-02   7.82210e-09  -3.00078e-09 
  6.22500e+00   7.46709e-02  -7.23852e-02   8.01910e-02   7.56295e-09  -3.88528e-09 
  6.30000e+00   6.94679e-02  -6.63595e-02   8.04793e-02   7.24289e-09  -4.62634e-09 
  6.37500e+00   6.47174e-02  -6.03156e-02   8.06763e-02   6.87235e-09  -5.23312e-09 
  6.45000e+00   6.04208e-02  -5.42601e-02   8.07904e-02   6.46103e-09  -5.71561e-09 
  6.52500e+00   5.65786e-02  -4.81989e-02   8.08301e-02   6.01785e-09  -6.08438e-09 
  6.60000e+00   5.31910e-02  -4.21372e-02   8.08042e-02   5.55094e-09  -6.35040e-09 
  6.67500e+00   5.02579e-02  -3.60797e-02   8.07209e-02   5.06758e-09  -6.52482e-09 
  6.75000e+00   4.77788e-02  -3.00303e-02   8.05890e-02   4.57423e-09  -6.61883e-09 
  6.82500e+00   4.57531e-02  -2.39924e-02   8.04167e-02   4.07649e-09  -6.64351e-09 
  6.90000e+00   4.41796e-02  -1.79686e-02   8.02125e-02   3.57916e-09  -6.60975e-09 
  6.97500e+00   4.30574e-02  -1.19611e-02   7.99848e-02   3.08623e-09  -6.52808e-09 
  7.05000e+00   4.23850e-02  -5.97125e-03   7.97416e-02   2.60090e-09  -6.40865e-09 
  7.12500e+00   4.21612e-02  -1.22910e-10   7.94912e-02   2.12563e-09  -6.26118e-09 
