#  Mixed convection heat transfer in the boundary                   layers on an exponentially stretching surface with magnetic field   
#	   eta            f              f'           f''          theta         dtheta
  0.00000e+00   0.00000e+00   1.00000e+00  -1.28192e+00   1.00000e+00  -1.30858e+00 
  7.50000e-02   7.15303e-02   9.09222e-01  -1.14214e+00   8.89710e-01  -1.60608e+00 
  1.50000e-01   1.36628e-01   8.28223e-01  -1.02063e+00   7.63135e-01  -1.74273e+00 
  2.25000e-01   1.95977e-01   7.55741e-01  -9.14589e-01   6.32017e-01  -1.73141e+00 
  3.00000e-01   2.50175e-01   6.90706e-01  -8.21701e-01   5.06303e-01  -1.60517e+00 
  3.75000e-01   2.99746e-01   6.32205e-01  -7.40050e-01   3.93078e-01  -1.40541e+00 
  4.50000e-01   3.45149e-01   5.79458e-01  -6.68037e-01   2.96330e-01  -1.17187e+00 
  5.25000e-01   3.86791e-01   5.31793e-01  -6.04325e-01   2.17336e-01  -9.36440e-01 
  6.00000e-01   4.25031e-01   4.88630e-01  -5.47790e-01   1.55363e-01  -7.20691e-01 
  6.75000e-01   4.60186e-01   4.49469e-01  -4.97482e-01   1.08441e-01  -5.36338e-01 
  7.50000e-01   4.92540e-01   4.13872e-01  -4.52596e-01   7.40261e-02  -3.87271e-01 
  8.25000e-01   5.22346e-01   3.81461e-01  -4.12446e-01   4.95001e-02  -2.72103e-01 
  9.00000e-01   5.49830e-01   3.51902e-01  -3.76446e-01   3.24707e-02  -1.86500e-01 
  9.75000e-01   5.75195e-01   3.24903e-01  -3.44093e-01   2.09234e-02  -1.24970e-01 
  1.05000e+00   5.98623e-01   3.00207e-01  -3.14956e-01   1.32611e-02  -8.20267e-02 
  1.12500e+00   6.20278e-01   2.77588e-01  -2.88660e-01   8.27650e-03  -5.28301e-02 
  1.20000e+00   6.40309e-01   2.56845e-01  -2.64882e-01   5.09222e-03  -3.34393e-02 
  1.27500e+00   6.58848e-01   2.37800e-01  -2.43341e-01   3.09174e-03  -2.08300e-02 
  1.35000e+00   6.76017e-01   2.20294e-01  -2.23792e-01   1.85414e-03  -1.27858e-02 
  1.42500e+00   6.91927e-01   2.04187e-01  -2.06022e-01   1.09926e-03  -7.74226e-03 
  1.50000e+00   7.06677e-01   1.89351e-01  -1.89843e-01   6.44815e-04  -4.62982e-03 
  1.57500e+00   7.20358e-01   1.75675e-01  -1.75091e-01   3.74512e-04  -2.73672e-03 
  1.65000e+00   7.33055e-01   1.63056e-01  -1.61620e-01   2.15524e-04  -1.60046e-03 
  1.72500e+00   7.44841e-01   1.51403e-01  -1.49303e-01   1.22971e-04  -9.26724e-04 
  1.80000e+00   7.55787e-01   1.40634e-01  -1.38027e-01   6.96056e-05  -5.31702e-04 
  1.87500e+00   7.65956e-01   1.30675e-01  -1.27690e-01   3.91072e-05  -3.02475e-04 
  1.95000e+00   7.75407e-01   1.21459e-01  -1.18205e-01   2.18200e-05  -1.70719e-04 
  2.02500e+00   7.84192e-01   1.12925e-01  -1.09491e-01   1.20957e-05  -9.56516e-05 
  2.10000e+00   7.92361e-01   1.05018e-01  -1.01478e-01   6.66424e-06  -5.32292e-05 
  2.17500e+00   7.99960e-01   9.76879e-02  -9.41014e-02   3.65040e-06  -2.94351e-05 
  2.25000e+00   8.07028e-01   9.08886e-02  -8.73053e-02   1.98825e-06  -1.61820e-05 
  2.32500e+00   8.13605e-01   8.45789e-02  -8.10384e-02   1.07675e-06  -8.84765e-06 
  2.40000e+00   8.19726e-01   7.87207e-02  -7.52548e-02   5.79530e-07  -4.81305e-06 
  2.47500e+00   8.25424e-01   7.32796e-02  -6.99130e-02   3.09628e-07  -2.60591e-06 
  2.55000e+00   8.30728e-01   6.82237e-02  -6.49758e-02   1.63788e-07  -1.40470e-06 
  2.62500e+00   8.35666e-01   6.35240e-02  -6.04094e-02   8.53211e-08  -7.54083e-07 
  2.70000e+00   8.40264e-01   5.91538e-02  -5.61832e-02   4.32718e-08  -4.03247e-07 
  2.77500e+00   8.44547e-01   5.50887e-02  -5.22695e-02   2.08231e-08  -2.14847e-07 
  2.85000e+00   8.48535e-01   5.13062e-02  -4.86432e-02   8.88164e-09  -1.14065e-07 
  2.92500e+00   8.52249e-01   4.77856e-02  -4.52812e-02   2.55167e-09  -6.03469e-08 
  3.00000e+00   8.55709e-01   4.45079e-02  -4.21629e-02  -7.91876e-10  -3.18117e-08 
  3.07500e+00   8.58931e-01   4.14555e-02  -3.92690e-02  -2.55131e-09  -1.67021e-08 
  3.15000e+00   8.61932e-01   3.86124e-02  -3.65824e-02  -3.47315e-09  -8.72575e-09 
  3.22500e+00   8.64728e-01   3.59634e-02  -3.40870e-02  -3.95340e-09  -4.52805e-09 
  3.30000e+00   8.67331e-01   3.34949e-02  -3.17683e-02  -4.20157e-09  -2.32588e-09 
  3.37500e+00   8.69756e-01   3.11941e-02  -2.96131e-02  -4.32818e-09  -1.17459e-09 
  3.45000e+00   8.72014e-01   2.90492e-02  -2.76091e-02  -4.39136e-09  -5.75222e-10 
  3.52500e+00   8.74117e-01   2.70492e-02  -2.57450e-02  -4.42159e-09  -2.64984e-10 
  3.60000e+00   8.76075e-01   2.51842e-02  -2.40107e-02  -4.43483e-09  -1.05797e-10 
  3.67500e+00   8.77898e-01   2.34446e-02  -2.23965e-02  -4.43940e-09  -2.52867e-11 
  3.75000e+00   8.79595e-01   2.18219e-02  -2.08937e-02  -4.43963e-09   1.43920e-11 
  3.82500e+00   8.81174e-01   2.03080e-02  -1.94943e-02  -4.43776e-09   3.29863e-11 
  3.90000e+00   8.82643e-01   1.88954e-02  -1.81909e-02  -4.43494e-09   4.07743e-11 
  3.97500e+00   8.84011e-01   1.75771e-02  -1.69766e-02  -4.43178e-09   4.30911e-11 
  4.05000e+00   8.85282e-01   1.63468e-02  -1.58451e-02  -4.42855e-09   4.26974e-11 
  4.12500e+00   8.86465e-01   1.51984e-02  -1.47905e-02  -4.42540e-09   4.10149e-11 
  4.20000e+00   8.87564e-01   1.41264e-02  -1.38074e-02  -4.42241e-09   3.87714e-11 
  4.27500e+00   8.88585e-01   1.31257e-02  -1.28907e-02  -4.41959e-09   3.63352e-11 
  4.35000e+00   8.89534e-01   1.21913e-02  -1.20360e-02  -4.41696e-09   3.38894e-11 
  4.42500e+00   8.90416e-01   1.13188e-02  -1.12388e-02  -4.41451e-09   3.15218e-11 
  4.50000e+00   8.91234e-01   1.05041e-02  -1.04952e-02  -4.41223e-09   2.92713e-11 
  4.57500e+00   8.91993e-01   9.74330e-03  -9.80148e-03  -4.41011e-09   2.71525e-11 
  4.65000e+00   8.92696e-01   9.03274e-03  -9.15420e-03  -4.40815e-09   2.51677e-11 
  4.72500e+00   8.93349e-01   8.36909e-03  -8.55019e-03  -4.40633e-09   2.33133e-11 
  4.80000e+00   8.93953e-01   7.74920e-03  -7.98649e-03  -4.40465e-09   2.15828e-11 
  4.87500e+00   8.94512e-01   7.17017e-03  -7.46036e-03  -4.40309e-09   1.99691e-11 
  4.95000e+00   8.95029e-01   6.62927e-03  -6.96924e-03  -4.40165e-09   1.84646e-11 
  5.02500e+00   8.95507e-01   6.12397e-03  -6.51076e-03  -4.40032e-09   1.70620e-11 
  5.10000e+00   8.95949e-01   5.65190e-03  -6.08272e-03  -4.39909e-09   1.57542e-11 
  5.17500e+00   8.96356e-01   5.21085e-03  -5.68305e-03  -4.39796e-09   1.45348e-11 
  5.25000e+00   8.96731e-01   4.79878e-03  -5.30985e-03  -4.39691e-09   1.33976e-11 
  5.32500e+00   8.97076e-01   4.41376e-03  -4.96134e-03  -4.39594e-09   1.23368e-11 
  5.40000e+00   8.97394e-01   4.05400e-03  -4.63587e-03  -4.39506e-09   1.13473e-11 
  5.47500e+00   8.97685e-01   3.71784e-03  -4.33189e-03  -4.39424e-09   1.04240e-11 
  5.55000e+00   8.97952e-01   3.40372e-03  -4.04796e-03  -4.39349e-09   9.56243e-12 
  5.62500e+00   8.98196e-01   3.11018e-03  -3.78275e-03  -4.39280e-09   8.75837e-12 
  5.70000e+00   8.98419e-01   2.83587e-03  -3.53501e-03  -4.39218e-09   8.00787e-12 
  5.77500e+00   8.98622e-01   2.57952e-03  -3.30357e-03  -4.39160e-09   7.30729e-12 
  5.85000e+00   8.98806e-01   2.33995e-03  -3.08736e-03  -4.39108e-09   6.65322e-12 
  5.92500e+00   8.98973e-01   2.11606e-03  -2.88537e-03  -4.39060e-09   6.04253e-12 
  6.00000e+00   8.99124e-01   1.90682e-03  -2.69664e-03  -4.39017e-09   5.47227e-12 
  6.07500e+00   8.99260e-01   1.71126e-03  -2.52030e-03  -4.38978e-09   4.93972e-12 
  6.15000e+00   8.99381e-01   1.52848e-03  -2.35553e-03  -4.38943e-09   4.44235e-12 
  6.22500e+00   8.99489e-01   1.35766e-03  -2.20157e-03  -4.38911e-09   3.97779e-12 
  6.30000e+00   8.99585e-01   1.19799e-03  -2.05771e-03  -4.38883e-09   3.54385e-12 
  6.37500e+00   8.99669e-01   1.04876e-03  -1.92327e-03  -4.38858e-09   3.13848e-12 
  6.45000e+00   8.99743e-01   9.09284e-04  -1.79763e-03  -4.38836e-09   2.75978e-12 
  6.52500e+00   8.99806e-01   7.78914e-04  -1.68022e-03  -4.38817e-09   2.40597e-12 
  6.60000e+00   8.99860e-01   6.57059e-04  -1.57049e-03  -4.38800e-09   2.07539e-12 
  6.67500e+00   8.99905e-01   5.43161e-04  -1.46795e-03  -4.38785e-09   1.76651e-12 
  6.75000e+00   8.99941e-01   4.36699e-04  -1.37210e-03  -4.38773e-09   1.47788e-12 
  6.82500e+00   8.99970e-01   3.37189e-04  -1.28252e-03  -4.38763e-09   1.20816e-12 
  6.90000e+00   8.99992e-01   2.44174e-04  -1.19880e-03  -4.38755e-09   9.56107e-13 
  6.97500e+00   9.00007e-01   1.57232e-04  -1.12055e-03  -4.38749e-09   7.20549e-13 
  7.05000e+00   9.00016e-01   7.59647e-05  -1.04740e-03  -4.38744e-09   5.00398e-13 
  7.12500e+00   9.00019e-01   2.15005e-09  -9.79035e-04  -4.38741e-09   2.94640e-13 
