#  Mixed convection heat transfer in the boundary                   layers on an exponentially stretching surface with magnetic field   
#	   eta            f              f'           f''          theta         dtheta
  0.00000e+00   0.00000e+00   1.00000e+00  -1.31827e+00   1.00000e+00  -2.24420e+00 
  7.50000e-02   7.14279e-02   9.06488e-01  -1.17878e+00   8.33213e-01  -2.18392e+00 
  1.50000e-01   1.36216e-01   8.22714e-01  -1.05806e+00   6.75024e-01  -2.01953e+00 
  2.25000e-01   1.95046e-01   7.47382e-01  -9.53229e-01   5.32089e-01  -1.78298e+00 
  3.00000e-01   2.48507e-01   6.79393e-01  -8.61878e-01   4.08502e-01  -1.50929e+00 
  3.75000e-01   2.97115e-01   6.17813e-01  -7.82025e-01   3.05838e-01  -1.22966e+00 
  4.50000e-01   3.41319e-01   5.61843e-01  -7.12012e-01   2.23606e-01  -9.67601e-01 
  5.25000e-01   3.81515e-01   5.10800e-01  -6.50447e-01   1.59887e-01  -7.37686e-01 
  6.00000e-01   4.18048e-01   4.64095e-01  -5.96155e-01   1.11981e-01  -5.46461e-01 
  6.75000e-01   4.51225e-01   4.21220e-01  -5.48144e-01   7.69368e-02  -3.94368e-01 
  7.50000e-01   4.81315e-01   3.81737e-01  -5.05567e-01   5.19325e-02  -2.77938e-01 
  8.25000e-01   5.08560e-01   3.45267e-01  -4.67704e-01   3.44905e-02  -1.91718e-01 
  9.00000e-01   5.33173e-01   3.11479e-01  -4.33935e-01   2.25702e-02  -1.29699e-01 
  9.75000e-01   5.55342e-01   2.80088e-01  -4.03729e-01   1.45729e-02  -8.62176e-02 
  1.05000e+00   5.75239e-01   2.50843e-01  -3.76627e-01   9.29634e-03  -5.64169e-02 
  1.12500e+00   5.93017e-01   2.23526e-01  -3.52232e-01   5.86659e-03  -3.63991e-02 
  1.20000e+00   6.08812e-01   1.97949e-01  -3.30200e-01   3.66690e-03  -2.31904e-02 
  1.27500e+00   6.22748e-01   1.73945e-01  -3.10230e-01   2.27281e-03  -1.46113e-02 
  1.35000e+00   6.34939e-01   1.51369e-01  -2.92062e-01   1.39851e-03  -9.11621e-03 
  1.42500e+00   6.45486e-01   1.30096e-01  -2.75469e-01   8.55208e-04  -5.63949e-03 
  1.50000e+00   6.54483e-01   1.10014e-01  -2.60251e-01   5.20273e-04  -3.46326e-03 
  1.57500e+00   6.62016e-01   9.10283e-02  -2.46234e-01   3.15189e-04  -2.11369e-03 
  1.65000e+00   6.68163e-01   7.30532e-02  -2.33266e-01   1.90327e-04  -1.28343e-03 
  1.72500e+00   6.72997e-01   5.60156e-02  -2.21213e-01   1.14660e-04  -7.76095e-04 
  1.80000e+00   6.76587e-01   3.98514e-02  -2.09957e-01   6.89740e-05  -4.67830e-04 
  1.87500e+00   6.78995e-01   2.45047e-02  -1.99396e-01   4.14646e-05  -2.81375e-04 
  1.95000e+00   6.80282e-01   9.92684e-03  -1.89440e-01   2.49308e-05  -1.68999e-04 
  2.02500e+00   6.80503e-01  -3.92452e-03  -1.80011e-01   1.50035e-05  -1.01447e-04 
  2.10000e+00   6.79710e-01  -1.70863e-02  -1.71040e-01   9.04411e-06  -6.09096e-05 
  2.17500e+00   6.77956e-01  -2.95904e-02  -1.62466e-01   5.46468e-06  -3.66058e-05 
  2.25000e+00   6.75288e-01  -4.14648e-02  -1.54239e-01   3.31198e-06  -2.20362e-05 
  2.32500e+00   6.71751e-01  -5.27338e-02  -1.46313e-01   2.01477e-06  -1.32964e-05 
  2.40000e+00   6.67392e-01  -6.34184e-02  -1.38650e-01   1.23103e-06  -8.04672e-06 
  2.47500e+00   6.62253e-01  -7.35371e-02  -1.31216e-01   7.55970e-07  -4.88711e-06 
  2.55000e+00   6.56375e-01  -8.31059e-02  -1.23984e-01   4.66912e-07  -2.98044e-06 
  2.62500e+00   6.49800e-01  -9.21392e-02  -1.16930e-01   2.90257e-07  -1.82615e-06 
  2.70000e+00   6.42568e-01  -1.00649e-01  -1.10034e-01   1.81765e-07  -1.12472e-06 
  2.77500e+00   6.34716e-01  -1.08648e-01  -1.03281e-01   1.14773e-07  -6.96641e-07 
  2.85000e+00   6.26283e-01  -1.16145e-01  -9.66562e-02   7.31641e-08  -4.34137e-07 
  2.92500e+00   6.17306e-01  -1.23149e-01  -9.01507e-02   4.71565e-08  -2.72321e-07 
  3.00000e+00   6.07823e-01  -1.29670e-01  -8.37567e-02   3.07909e-08  -1.72006e-07 
  3.07500e+00   5.97868e-01  -1.35715e-01  -7.74685e-02   2.04194e-08  -1.09439e-07 
  3.15000e+00   5.87477e-01  -1.41293e-01  -7.12828e-02   1.37974e-08  -7.01644e-08 
  3.22500e+00   5.76685e-01  -1.46410e-01  -6.51975e-02   9.53624e-09  -4.53431e-08 
  3.30000e+00   5.65527e-01  -1.51075e-01  -5.92123e-02   6.77206e-09  -2.95449e-08 
  3.37500e+00   5.54035e-01  -1.55295e-01  -5.33279e-02   4.96387e-09  -1.94153e-08 
  3.45000e+00   5.42244e-01  -1.59077e-01  -4.75463e-02   3.77081e-09  -1.28705e-08 
  3.52500e+00   5.30184e-01  -1.62429e-01  -4.18701e-02   2.97662e-09  -8.60861e-09 
  3.60000e+00   5.17890e-01  -1.65360e-01  -3.63027e-02   2.44316e-09  -5.81083e-09 
  3.67500e+00   5.05391e-01  -1.67878e-01  -3.08482e-02   2.08151e-09  -3.95898e-09 
  3.75000e+00   4.92718e-01  -1.69990e-01  -2.55108e-02   1.83402e-09  -2.72288e-09 
  3.82500e+00   4.79902e-01  -1.71707e-01  -2.02953e-02   1.66304e-09  -1.89071e-09 
  3.90000e+00   4.66972e-01  -1.73038e-01  -1.52065e-02   1.54378e-09  -1.32561e-09 
  3.97500e+00   4.53956e-01  -1.73991e-01  -1.02492e-02   1.45978e-09  -9.38492e-10 
  4.05000e+00   4.40882e-01  -1.74578e-01  -5.42827e-03   1.40003e-09  -6.70959e-10 
  4.12500e+00   4.27778e-01  -1.74809e-01  -7.48451e-04   1.35712e-09  -4.84424e-10 
  4.20000e+00   4.14669e-01  -1.74694e-01   3.78577e-03   1.32599e-09  -3.53203e-10 
  4.27500e+00   4.01582e-01  -1.74245e-01   8.17015e-03   1.30319e-09  -2.60070e-10 
  4.35000e+00   3.88541e-01  -1.73473e-01   1.24008e-02   1.28633e-09  -1.93380e-10 
  4.42500e+00   3.75569e-01  -1.72389e-01   1.64741e-02   1.27373e-09  -1.45202e-10 
  4.50000e+00   3.62690e-01  -1.71006e-01   2.03871e-02   1.26422e-09  -1.10088e-10 
  4.57500e+00   3.49925e-01  -1.69335e-01   2.41371e-02   1.25698e-09  -8.42728e-11 
  4.65000e+00   3.37297e-01  -1.67389e-01   2.77219e-02   1.25141e-09  -6.51284e-11 
  4.72500e+00   3.24824e-01  -1.65181e-01   3.11398e-02   1.24709e-09  -5.08091e-11 
  4.80000e+00   3.12526e-01  -1.62722e-01   3.43897e-02   1.24370e-09  -4.00081e-11 
  4.87500e+00   3.00421e-01  -1.60027e-01   3.74711e-02   1.24103e-09  -3.17928e-11 
  4.95000e+00   2.88527e-01  -1.57106e-01   4.03838e-02   1.23889e-09  -2.54928e-11 
  5.02500e+00   2.76861e-01  -1.53973e-01   4.31282e-02   1.23717e-09  -2.06227e-11 
  5.10000e+00   2.65436e-01  -1.50641e-01   4.57054e-02   1.23577e-09  -1.68280e-11 
  5.17500e+00   2.54269e-01  -1.47122e-01   4.81168e-02   1.23462e-09  -1.38484e-11 
  5.25000e+00   2.43372e-01  -1.43427e-01   5.03644e-02   1.23367e-09  -1.14911e-11 
  5.32500e+00   2.32759e-01  -1.39571e-01   5.24506e-02   1.23289e-09  -9.61230e-12 
  5.40000e+00   2.22441e-01  -1.35564e-01   5.43782e-02   1.23222e-09  -8.10404e-12 
  5.47500e+00   2.12428e-01  -1.31418e-01   5.61506e-02   1.23166e-09  -6.88473e-12 
  5.55000e+00   2.02731e-01  -1.27145e-01   5.77715e-02   1.23119e-09  -5.89227e-12 
  5.62500e+00   1.93359e-01  -1.22756e-01   5.92450e-02   1.23077e-09  -5.07907e-12 
  5.70000e+00   1.84320e-01  -1.18262e-01   6.05754e-02   1.23042e-09  -4.40844e-12 
  5.77500e+00   1.75622e-01  -1.13673e-01   6.17676e-02   1.23011e-09  -3.85189e-12 
  5.85000e+00   1.67271e-01  -1.09000e-01   6.28264e-02   1.22984e-09  -3.38719e-12 
  5.92500e+00   1.59274e-01  -1.04252e-01   6.37573e-02   1.22960e-09  -2.99687e-12 
  6.00000e+00   1.51635e-01  -9.94395e-02   6.45656e-02   1.22939e-09  -2.66712e-12 
  6.07500e+00   1.44359e-01  -9.45705e-02   6.52571e-02   1.22920e-09  -2.38697e-12 
  6.15000e+00   1.37451e-01  -8.96537e-02   6.58376e-02   1.22903e-09  -2.14764e-12 
  6.22500e+00   1.30912e-01  -8.46975e-02   6.63131e-02   1.22888e-09  -1.94207e-12 
  6.30000e+00   1.24747e-01  -7.97093e-02   6.66896e-02   1.22874e-09  -1.76457e-12 
  6.37500e+00   1.18957e-01  -7.46963e-02   6.69733e-02   1.22861e-09  -1.61049e-12 
  6.45000e+00   1.13543e-01  -6.96654e-02   6.71705e-02   1.22850e-09  -1.47606e-12 
  6.52500e+00   1.08507e-01  -6.46228e-02   6.72874e-02   1.22839e-09  -1.35816e-12 
  6.60000e+00   1.03850e-01  -5.95742e-02   6.73302e-02   1.22829e-09  -1.25423e-12 
  6.67500e+00   9.95710e-02  -5.45249e-02   6.73053e-02   1.22820e-09  -1.16214e-12 
  6.75000e+00   9.56709e-02  -4.94799e-02   6.72189e-02   1.22812e-09  -1.08012e-12 
  6.82500e+00   9.21488e-02  -4.44435e-02   6.70772e-02   1.22804e-09  -1.00668e-12 
  6.90000e+00   8.90040e-02  -3.94196e-02   6.68864e-02   1.22797e-09  -9.40591e-13 
  6.97500e+00   8.62355e-02  -3.44116e-02   6.66525e-02   1.22790e-09  -8.80788e-13 
  7.05000e+00   8.38418e-02  -2.94226e-02   6.63815e-02   1.22783e-09  -8.26386e-13 
  7.12500e+00   8.18215e-02  -2.44552e-02   6.60793e-02   1.22777e-09  -7.76628e-13 
  7.20000e+00   8.01729e-02  -1.95113e-02   6.57518e-02   1.22772e-09  -7.30871e-13 
  7.27500e+00   7.88942e-02  -1.45929e-02   6.54047e-02   1.22766e-09  -6.88565e-13 
  7.35000e+00   7.79833e-02  -9.70100e-03   6.50435e-02   1.22761e-09  -6.49241e-13 
  7.42500e+00   7.74384e-02  -4.83656e-03   6.46739e-02   1.22757e-09  -6.12496e-13 
  7.50000e+00   7.72572e-02  -9.63228e-11   6.43011e-02   1.22752e-09  -5.77989e-13 
