#  Mixed convection heat transfer in the boundary                   layers on an exponentially stretching surface with magnetic field   
#	   eta            f              f'           f''          theta         dtheta
  0.00000e+00   0.00000e+00   1.00000e+00  -1.28221e+00   1.00000e+00   1.88785e+00 
  7.50000e-03   7.46408e-03   9.90439e-01  -1.26732e+00   1.01382e+00   1.79725e+00 
  7.79201e-03   7.75324e-03   9.90069e-01  -1.26674e+00   1.01434e+00   1.79370e+00 
  8.09538e-03   8.05354e-03   9.89685e-01  -1.26615e+00   1.01489e+00   1.79001e+00 
  8.41057e-03   8.36542e-03   9.89286e-01  -1.26553e+00   1.01545e+00   1.78617e+00 
  8.73803e-03   8.68930e-03   9.88872e-01  -1.26488e+00   1.01604e+00   1.78218e+00 
  9.07824e-03   9.02565e-03   9.88442e-01  -1.26421e+00   1.01664e+00   1.77804e+00 
  9.43170e-03   9.37494e-03   9.87995e-01  -1.26352e+00   1.01727e+00   1.77373e+00 
  9.79891e-03   9.73767e-03   9.87531e-01  -1.26280e+00   1.01792e+00   1.76925e+00 
  1.01804e-02   1.01143e-02   9.87050e-01  -1.26205e+00   1.01859e+00   1.76459e+00 
  1.05768e-02   1.05055e-02   9.86549e-01  -1.26127e+00   1.01929e+00   1.75975e+00 
  1.09886e-02   1.09116e-02   9.86030e-01  -1.26046e+00   1.02002e+00   1.75472e+00 
  1.14164e-02   1.13334e-02   9.85491e-01  -1.25963e+00   1.02077e+00   1.74949e+00 
  1.18609e-02   1.17713e-02   9.84931e-01  -1.25876e+00   1.02154e+00   1.74405e+00 
  1.23227e-02   1.22260e-02   9.84350e-01  -1.25786e+00   1.02235e+00   1.73840e+00 
  1.28025e-02   1.26981e-02   9.83747e-01  -1.25692e+00   1.02318e+00   1.73252e+00 
  1.33009e-02   1.31883e-02   9.83121e-01  -1.25595e+00   1.02404e+00   1.72641e+00 
  1.38188e-02   1.36973e-02   9.82471e-01  -1.25494e+00   1.02493e+00   1.72006e+00 
  1.43568e-02   1.42257e-02   9.81796e-01  -1.25389e+00   1.02586e+00   1.71345e+00 
  1.49158e-02   1.47743e-02   9.81095e-01  -1.25280e+00   1.02681e+00   1.70659e+00 
  1.54965e-02   1.53438e-02   9.80368e-01  -1.25167e+00   1.02780e+00   1.69945e+00 
  1.60999e-02   1.59351e-02   9.79613e-01  -1.25050e+00   1.02882e+00   1.69202e+00 
  1.67267e-02   1.65489e-02   9.78830e-01  -1.24929e+00   1.02988e+00   1.68430e+00 
  1.73780e-02   1.71861e-02   9.78016e-01  -1.24803e+00   1.03098e+00   1.67628e+00 
  1.80546e-02   1.78475e-02   9.77172e-01  -1.24672e+00   1.03211e+00   1.66793e+00 
  1.87575e-02   1.85341e-02   9.76297e-01  -1.24536e+00   1.03328e+00   1.65925e+00 
  1.94878e-02   1.92468e-02   9.75388e-01  -1.24396e+00   1.03449e+00   1.65023e+00 
  2.02466e-02   1.99865e-02   9.74444e-01  -1.24249e+00   1.03573e+00   1.64084e+00 
  2.10349e-02   2.07543e-02   9.73465e-01  -1.24098e+00   1.03702e+00   1.63108e+00 
  2.18538e-02   2.15511e-02   9.72450e-01  -1.23941e+00   1.03836e+00   1.62094e+00 
  2.27047e-02   2.23781e-02   9.71396e-01  -1.23778e+00   1.03973e+00   1.61038e+00 
  2.35887e-02   2.32363e-02   9.70302e-01  -1.23608e+00   1.04115e+00   1.59941e+00 
  2.45071e-02   2.41269e-02   9.69168e-01  -1.23433e+00   1.04261e+00   1.58800e+00 
  2.54613e-02   2.50511e-02   9.67991e-01  -1.23251e+00   1.04412e+00   1.57613e+00 
  2.64526e-02   2.60101e-02   9.66770e-01  -1.23062e+00   1.04568e+00   1.56379e+00 
  2.74825e-02   2.70051e-02   9.65504e-01  -1.22867e+00   1.04728e+00   1.55095e+00 
  2.85525e-02   2.80375e-02   9.64190e-01  -1.22664e+00   1.04894e+00   1.53760e+00 
  2.96642e-02   2.91086e-02   9.62828e-01  -1.22454e+00   1.05064e+00   1.52372e+00 
  3.08191e-02   3.02198e-02   9.61415e-01  -1.22236e+00   1.05239e+00   1.50928e+00 
  3.20191e-02   3.13726e-02   9.59949e-01  -1.22010e+00   1.05419e+00   1.49427e+00 
  3.32657e-02   3.25683e-02   9.58430e-01  -1.21775e+00   1.05604e+00   1.47865e+00 
  3.45609e-02   3.38087e-02   9.56854e-01  -1.21533e+00   1.05795e+00   1.46242e+00 
  3.59065e-02   3.50951e-02   9.55220e-01  -1.21281e+00   1.05990e+00   1.44553e+00 
  3.73045e-02   3.64293e-02   9.53527e-01  -1.21020e+00   1.06191e+00   1.42797e+00 
  3.87569e-02   3.78130e-02   9.51771e-01  -1.20750e+00   1.06397e+00   1.40971e+00 
  4.02659e-02   3.92478e-02   9.49951e-01  -1.20470e+00   1.06609e+00   1.39072e+00 
  4.18336e-02   4.07356e-02   9.48065e-01  -1.20180e+00   1.06825e+00   1.37098e+00 
  4.34624e-02   4.22781e-02   9.46110e-01  -1.19880e+00   1.07047e+00   1.35044e+00 
  4.51545e-02   4.38774e-02   9.44084e-01  -1.19569e+00   1.07274e+00   1.32910e+00 
  4.69126e-02   4.55353e-02   9.41984e-01  -1.19247e+00   1.07505e+00   1.30690e+00 
  4.87391e-02   4.72539e-02   9.39809e-01  -1.18914e+00   1.07742e+00   1.28383e+00 
  5.06367e-02   4.90351e-02   9.37556e-01  -1.18568e+00   1.07983e+00   1.25985e+00 
  5.26083e-02   5.08812e-02   9.35222e-01  -1.18211e+00   1.08229e+00   1.23491e+00 
  5.46565e-02   5.27944e-02   9.32805e-01  -1.17841e+00   1.08479e+00   1.20900e+00 
  5.67845e-02   5.47767e-02   9.30301e-01  -1.17458e+00   1.08734e+00   1.18207e+00 
  5.89954e-02   5.68306e-02   9.27709e-01  -1.17062e+00   1.08992e+00   1.15409e+00 
  6.12923e-02   5.89584e-02   9.25024e-01  -1.16652e+00   1.09254e+00   1.12501e+00 
  6.36787e-02   6.11626e-02   9.22246e-01  -1.16228e+00   1.09519e+00   1.09481e+00 
  6.61580e-02   6.34455e-02   9.19370e-01  -1.15790e+00   1.09786e+00   1.06343e+00 
  6.87338e-02   6.58098e-02   9.16393e-01  -1.15337e+00   1.10056e+00   1.03085e+00 
  7.14099e-02   6.82580e-02   9.13313e-01  -1.14868e+00   1.10327e+00   9.97023e-01 
  7.41902e-02   7.07929e-02   9.10126e-01  -1.14384e+00   1.10600e+00   9.61908e-01 
  7.70788e-02   7.34171e-02   9.06829e-01  -1.13883e+00   1.10872e+00   9.25464e-01 
  8.00798e-02   7.61333e-02   9.03419e-01  -1.13366e+00   1.11144e+00   8.87653e-01 
  8.31976e-02   7.89446e-02   8.99893e-01  -1.12832e+00   1.11415e+00   8.48434e-01 
  8.64369e-02   8.18536e-02   8.96247e-01  -1.12280e+00   1.11683e+00   8.07769e-01 
  8.98022e-02   8.48635e-02   8.92478e-01  -1.11710e+00   1.11948e+00   7.65617e-01 
  9.32986e-02   8.79771e-02   8.88582e-01  -1.11122e+00   1.12208e+00   7.21943e-01 
  9.69311e-02   9.11976e-02   8.84557e-01  -1.10515e+00   1.12462e+00   6.76710e-01 
  1.00705e-01   9.45280e-02   8.80398e-01  -1.09888e+00   1.12708e+00   6.29883e-01 
  1.04626e-01   9.79715e-02   8.76102e-01  -1.09242e+00   1.12946e+00   5.81432e-01 
  1.08700e-01   1.01531e-01   8.71665e-01  -1.08576e+00   1.13173e+00   5.31327e-01 
  1.12932e-01   1.05211e-01   8.67085e-01  -1.07889e+00   1.13386e+00   4.79543e-01 
  1.17329e-01   1.09013e-01   8.62357e-01  -1.07181e+00   1.13586e+00   4.26059e-01 
  1.21897e-01   1.12941e-01   8.57477e-01  -1.06451e+00   1.13768e+00   3.70858e-01 
  1.26643e-01   1.16998e-01   8.52443e-01  -1.05699e+00   1.13930e+00   3.13929e-01 
  1.31573e-01   1.21189e-01   8.47250e-01  -1.04925e+00   1.14070e+00   2.55267e-01 
  1.36696e-01   1.25515e-01   8.41896e-01  -1.04128e+00   1.14186e+00   1.94876e-01 
  1.42018e-01   1.29981e-01   8.36376e-01  -1.03308e+00   1.14273e+00   1.32767e-01 
  1.47548e-01   1.34590e-01   8.30687e-01  -1.02465e+00   1.14329e+00   6.89610e-02 
  1.53292e-01   1.39345e-01   8.24826e-01  -1.01597e+00   1.14349e+00   3.48881e-03 
  1.59261e-01   1.44250e-01   8.18789e-01  -1.00705e+00   1.14331e+00  -6.36056e-02 
  1.65461e-01   1.49308e-01   8.12573e-01  -9.97889e-01   1.14271e+00  -1.32265e-01 
  1.71903e-01   1.54522e-01   8.06175e-01  -9.88477e-01   1.14163e+00  -2.02419e-01 
  1.78596e-01   1.59896e-01   7.99591e-01  -9.78813e-01   1.14003e+00  -2.73978e-01 
  1.85550e-01   1.65432e-01   7.92819e-01  -9.68896e-01   1.13787e+00  -3.46838e-01 
  1.92774e-01   1.71134e-01   7.85857e-01  -9.58722e-01   1.13510e+00  -4.20872e-01 
  2.00280e-01   1.77006e-01   7.78700e-01  -9.48290e-01   1.13166e+00  -4.95934e-01 
  2.08078e-01   1.83049e-01   7.71347e-01  -9.37599e-01   1.12749e+00  -5.71854e-01 
  2.16179e-01   1.89267e-01   7.63796e-01  -9.26647e-01   1.12255e+00  -6.48441e-01 
  2.24596e-01   1.95663e-01   7.56044e-01  -9.15434e-01   1.11676e+00  -7.25473e-01 
  2.33340e-01   2.02240e-01   7.48089e-01  -9.03960e-01   1.11008e+00  -8.02704e-01 
  2.42425e-01   2.08999e-01   7.39930e-01  -8.92224e-01   1.10243e+00  -8.79858e-01 
  2.51864e-01   2.15943e-01   7.31566e-01  -8.80229e-01   1.09376e+00  -9.56631e-01 
  2.61670e-01   2.23075e-01   7.22994e-01  -8.67974e-01   1.08401e+00  -1.03269e+00 
  2.71858e-01   2.30396e-01   7.14215e-01  -8.55461e-01   1.07310e+00  -1.10766e+00 
  2.82442e-01   2.37908e-01   7.05229e-01  -8.42694e-01   1.06098e+00  -1.18115e+00 
  2.93439e-01   2.45613e-01   6.96033e-01  -8.29675e-01   1.04760e+00  -1.25274e+00 
  3.04864e-01   2.53511e-01   6.86631e-01  -8.16408e-01   1.03288e+00  -1.32196e+00 
  3.16734e-01   2.61604e-01   6.77021e-01  -8.02897e-01   1.01679e+00  -1.38833e+00 
  3.29065e-01   2.69892e-01   6.67204e-01  -7.89147e-01   9.99279e-01  -1.45136e+00 
  3.41877e-01   2.78376e-01   6.57184e-01  -7.75165e-01   9.80298e-01  -1.51050e+00 
  3.55188e-01   2.87055e-01   6.46961e-01  -7.60955e-01   9.59821e-01  -1.56522e+00 
  3.69017e-01   2.95930e-01   6.36538e-01  -7.46527e-01   9.37823e-01  -1.61497e+00 
  3.83385e-01   3.04998e-01   6.25918e-01  -7.31887e-01   9.14293e-01  -1.65920e+00 
  3.98311e-01   3.14260e-01   6.15104e-01  -7.17044e-01   8.89232e-01  -1.69735e+00 
  4.13819e-01   3.23714e-01   6.04101e-01  -7.02009e-01   8.62655e-01  -1.72889e+00 
  4.29931e-01   3.33356e-01   5.92914e-01  -6.86791e-01   8.34591e-01  -1.75333e+00 
  4.46670e-01   3.43186e-01   5.81547e-01  -6.71402e-01   8.05089e-01  -1.77020e+00 
  4.64061e-01   3.53199e-01   5.70007e-01  -6.55854e-01   7.74214e-01  -1.77908e+00 
  4.82129e-01   3.63391e-01   5.58299e-01  -6.40159e-01   7.42052e-01  -1.77962e+00 
  5.00900e-01   3.73759e-01   5.46432e-01  -6.24331e-01   7.08709e-01  -1.77156e+00 
  5.20402e-01   3.84298e-01   5.34412e-01  -6.08384e-01   6.74311e-01  -1.75471e+00 
  5.40664e-01   3.95003e-01   5.22249e-01  -5.92334e-01   6.39005e-01  -1.72900e+00 
  5.61714e-01   4.05866e-01   5.09951e-01  -5.76196e-01   6.02959e-01  -1.69449e+00 
  5.83584e-01   4.16882e-01   4.97528e-01  -5.59987e-01   5.66360e-01  -1.65133e+00 
  6.06306e-01   4.28044e-01   4.84990e-01  -5.43724e-01   5.29413e-01  -1.59984e+00 
  6.29912e-01   4.39342e-01   4.72348e-01  -5.27425e-01   4.92337e-01  -1.54047e+00 
  6.54437e-01   4.50770e-01   4.59614e-01  -5.11108e-01   4.55365e-01  -1.47381e+00 
  6.79917e-01   4.62317e-01   4.46800e-01  -4.94792e-01   4.18738e-01  -1.40059e+00 
  7.06389e-01   4.73973e-01   4.33919e-01  -4.78496e-01   3.82701e-01  -1.32167e+00 
  7.33892e-01   4.85728e-01   4.20985e-01  -4.62240e-01   3.47499e-01  -1.23804e+00 
  7.62466e-01   4.97571e-01   4.08010e-01  -4.46044e-01   3.13372e-01  -1.15076e+00 
  7.92152e-01   5.09489e-01   3.95009e-01  -4.29927e-01   2.80547e-01  -1.06099e+00 
  8.22993e-01   5.21470e-01   3.81998e-01  -4.13911e-01   2.49235e-01  -9.69945e-01 
  8.55036e-01   5.33500e-01   3.68992e-01  -3.98016e-01   2.19626e-01  -8.78834e-01 
  8.88326e-01   5.45566e-01   3.56007e-01  -3.82262e-01   1.91881e-01  -7.88865e-01 
  9.22913e-01   5.57654e-01   3.43057e-01  -3.66669e-01   1.66131e-01  -7.01190e-01 
  9.58846e-01   5.69748e-01   3.30161e-01  -3.51258e-01   1.42471e-01  -6.16878e-01 
  9.96178e-01   5.81832e-01   3.17334e-01  -3.36048e-01   1.20959e-01  -5.36879e-01 
  1.03496e+00   5.93891e-01   3.04594e-01  -3.21059e-01   1.01615e-01  -4.62002e-01 
  1.07526e+00   6.05908e-01   2.91956e-01  -3.06309e-01   8.44203e-02  -3.92885e-01 
  1.11712e+00   6.17867e-01   2.79439e-01  -2.91817e-01   6.93196e-02  -3.29989e-01 
  1.16062e+00   6.29749e-01   2.67059e-01  -2.77601e-01   5.62252e-02  -2.73585e-01 
  1.20581e+00   6.41538e-01   2.54832e-01  -2.63676e-01   4.50201e-02  -2.23760e-01 
  1.25275e+00   6.53217e-01   2.42776e-01  -2.50061e-01   3.55638e-02  -1.80427e-01 
  1.30153e+00   6.64766e-01   2.30907e-01  -2.36768e-01   2.76985e-02  -1.43339e-01 
  1.35220e+00   6.76169e-01   2.19241e-01  -2.23814e-01   2.12547e-02  -1.12121e-01 
  1.40485e+00   6.87407e-01   2.07793e-01  -2.11210e-01   1.60586e-02  -8.62918e-02 
  1.45955e+00   6.98463e-01   1.96579e-01  -1.98969e-01   1.19372e-02  -6.52987e-02 
  1.51637e+00   7.09319e-01   1.85614e-01  -1.87101e-01   8.72413e-03  -4.85485e-02 
  1.57541e+00   7.19958e-01   1.74911e-01  -1.75617e-01   6.26381e-03  -3.54371e-02 
  1.63675e+00   7.30363e-01   1.64483e-01  -1.64524e-01   4.41486e-03  -2.53757e-02 
  1.70047e+00   7.40518e-01   1.54344e-01  -1.53829e-01   3.05218e-03  -1.78120e-02 
  1.76668e+00   7.50407e-01   1.44504e-01  -1.43539e-01   2.06808e-03  -1.22459e-02 
  1.83547e+00   7.60016e-01   1.34975e-01  -1.33658e-01   1.37222e-03  -8.23939e-03 
  1.90693e+00   7.69328e-01   1.25767e-01  -1.24188e-01   8.90862e-04  -5.42067e-03 
  1.98117e+00   7.78332e-01   1.16887e-01  -1.15132e-01   5.65389e-04  -3.48409e-03 
  2.05831e+00   7.87014e-01   1.08345e-01  -1.06490e-01   3.50466e-04  -2.18585e-03 
  2.13845e+00   7.95364e-01   1.00145e-01  -9.82622e-02   2.11988e-04  -1.33737e-03 
  2.22171e+00   8.03371e-01   9.22944e-02  -9.04457e-02   1.25008e-04  -7.97221e-04 
  2.30821e+00   8.11025e-01   8.47961e-02  -8.30376e-02   7.17975e-05  -4.62589e-04 
  2.39808e+00   8.18320e-01   7.76534e-02  -7.60335e-02   4.01243e-05  -2.61025e-04 
  2.49144e+00   8.25249e-01   7.08678e-02  -6.94281e-02   2.17973e-05  -1.43090e-04 
  2.58845e+00   8.31807e-01   6.44395e-02  -6.32148e-02   1.14988e-05  -7.61280e-05 
  2.68923e+00   8.37990e-01   5.83675e-02  -5.73859e-02   5.88464e-06  -3.92682e-05 
  2.79393e+00   8.43797e-01   5.26495e-02  -5.19331e-02   2.91845e-06  -1.96175e-05 
  2.90271e+00   8.49227e-01   4.72820e-02  -4.68467e-02   1.40123e-06  -9.48183e-06 
  3.01572e+00   8.54282e-01   4.22599e-02  -4.21164e-02   6.50690e-07  -4.42904e-06 
  3.13314e+00   8.58964e-01   3.75772e-02  -3.77313e-02   2.92017e-07  -1.99717e-06 
  3.25512e+00   8.63277e-01   3.32265e-02  -3.36794e-02   1.26615e-07  -8.68388e-07 
  3.38186e+00   8.67228e-01   2.91994e-02  -2.99482e-02   5.30945e-08  -3.63667e-07 
  3.51353e+00   8.70823e-01   2.54862e-02  -2.65247e-02   2.16316e-08  -1.46514e-07 
  3.65033e+00   8.74072e-01   2.20764e-02  -2.33953e-02   8.68342e-09  -5.67208e-08 
  3.79245e+00   8.76983e-01   1.89584e-02  -2.05459e-02   3.56463e-09  -2.10776e-08 
  3.94011e+00   8.79568e-01   1.61198e-02  -1.79621e-02   1.62272e-09  -7.51230e-09 
  4.09351e+00   8.81839e-01   1.35475e-02  -1.56292e-02   9.16113e-10  -2.56794e-09 
  4.25289e+00   8.83809e-01   1.12278e-02  -1.35324e-02   6.69336e-10  -8.43641e-10 
  4.41847e+00   8.85491e-01   9.14624e-03  -1.16567e-02   5.86283e-10  -2.68494e-10 
  4.59050e+00   8.86901e-01   7.28831e-03  -9.98699e-03   5.58997e-10  -8.47227e-11 
  4.76923e+00   8.88052e-01   5.63907e-03  -8.50839e-03   5.49934e-10  -2.80306e-11 
  4.95492e+00   8.88960e-01   4.18346e-03  -7.20612e-03   5.46655e-10  -1.06981e-11 
  5.14784e+00   8.89641e-01   2.90648e-03  -6.06563e-03   5.45233e-10  -5.03798e-12 
  5.34826e+00   8.90108e-01   1.79324e-03  -5.07275e-03   5.44482e-10  -2.74857e-12 
  5.55649e+00   8.90378e-01   8.29153e-04  -4.21373e-03   5.44053e-10  -1.46154e-12 
  5.77283e+00   8.90465e-01   1.68169e-10  -3.47533e-03   5.43843e-10  -5.28535e-13 
