#  Mixed convection heat transfer in the boundary                   layers on an exponentially stretching surface with magnetic field   
#	   eta            f              f'           f''          theta         dtheta
  0.00000e+00   0.00000e+00   1.00000e+00  -1.31779e+00   1.00000e+00  -3.22786e+00 
  7.50000e-03   7.46308e-03   9.90173e-01  -1.30291e+00   9.76015e-01  -3.16815e+00 
  7.79201e-03   7.75216e-03   9.89792e-01  -1.30233e+00   9.75091e-01  -3.16584e+00 
  8.09538e-03   8.05238e-03   9.89397e-01  -1.30173e+00   9.74130e-01  -3.16344e+00 
  8.41057e-03   8.36416e-03   9.88987e-01  -1.30111e+00   9.73134e-01  -3.16095e+00 
  8.73803e-03   8.68794e-03   9.88561e-01  -1.30047e+00   9.72099e-01  -3.15836e+00 
  9.07824e-03   9.02419e-03   9.88119e-01  -1.29980e+00   9.71025e-01  -3.15567e+00 
  9.43170e-03   9.37336e-03   9.87659e-01  -1.29911e+00   9.69910e-01  -3.15287e+00 
  9.79891e-03   9.73596e-03   9.87182e-01  -1.29839e+00   9.68753e-01  -3.14997e+00 
  1.01804e-02   1.01125e-02   9.86687e-01  -1.29764e+00   9.67552e-01  -3.14696e+00 
  1.05768e-02   1.05035e-02   9.86173e-01  -1.29686e+00   9.66305e-01  -3.14383e+00 
  1.09886e-02   1.09095e-02   9.85639e-01  -1.29605e+00   9.65011e-01  -3.14059e+00 
  1.14164e-02   1.13310e-02   9.85085e-01  -1.29522e+00   9.63668e-01  -3.13721e+00 
  1.18609e-02   1.17688e-02   9.84509e-01  -1.29435e+00   9.62274e-01  -3.13371e+00 
  1.23227e-02   1.22233e-02   9.83912e-01  -1.29345e+00   9.60828e-01  -3.13008e+00 
  1.28025e-02   1.26952e-02   9.83291e-01  -1.29251e+00   9.59327e-01  -3.12630e+00 
  1.33009e-02   1.31852e-02   9.82647e-01  -1.29154e+00   9.57770e-01  -3.12239e+00 
  1.38188e-02   1.36939e-02   9.81979e-01  -1.29053e+00   9.56154e-01  -3.11832e+00 
  1.43568e-02   1.42220e-02   9.81285e-01  -1.28948e+00   9.54477e-01  -3.11409e+00 
  1.49158e-02   1.47703e-02   9.80564e-01  -1.28840e+00   9.52738e-01  -3.10971e+00 
  1.54965e-02   1.53395e-02   9.79816e-01  -1.28727e+00   9.50933e-01  -3.10516e+00 
  1.60999e-02   1.59305e-02   9.79040e-01  -1.28610e+00   9.49061e-01  -3.10043e+00 
  1.67267e-02   1.65439e-02   9.78234e-01  -1.28489e+00   9.47119e-01  -3.09553e+00 
  1.73780e-02   1.71807e-02   9.77398e-01  -1.28363e+00   9.45105e-01  -3.09044e+00 
  1.80546e-02   1.78417e-02   9.76530e-01  -1.28232e+00   9.43016e-01  -3.08515e+00 
  1.87575e-02   1.85279e-02   9.75629e-01  -1.28097e+00   9.40849e-01  -3.07966e+00 
  1.94878e-02   1.92400e-02   9.74694e-01  -1.27956e+00   9.38602e-01  -3.07397e+00 
  2.02466e-02   1.99792e-02   9.73724e-01  -1.27810e+00   9.36272e-01  -3.06806e+00 
  2.10349e-02   2.07464e-02   9.72717e-01  -1.27659e+00   9.33856e-01  -3.06193e+00 
  2.18538e-02   2.15426e-02   9.71672e-01  -1.27502e+00   9.31351e-01  -3.05557e+00 
  2.27047e-02   2.23689e-02   9.70588e-01  -1.27339e+00   9.28754e-01  -3.04896e+00 
  2.35887e-02   2.32264e-02   9.69463e-01  -1.27170e+00   9.26062e-01  -3.04211e+00 
  2.45071e-02   2.41162e-02   9.68296e-01  -1.26995e+00   9.23271e-01  -3.03500e+00 
  2.54613e-02   2.50396e-02   9.67085e-01  -1.26813e+00   9.20379e-01  -3.02762e+00 
  2.64526e-02   2.59976e-02   9.65829e-01  -1.26624e+00   9.17381e-01  -3.01997e+00 
  2.74825e-02   2.69917e-02   9.64526e-01  -1.26429e+00   9.14275e-01  -3.01202e+00 
  2.85525e-02   2.80230e-02   9.63174e-01  -1.26227e+00   9.11056e-01  -3.00379e+00 
  2.96642e-02   2.90930e-02   9.61772e-01  -1.26017e+00   9.07722e-01  -2.99524e+00 
  3.08191e-02   3.02029e-02   9.60318e-01  -1.25799e+00   9.04268e-01  -2.98638e+00 
  3.20191e-02   3.13543e-02   9.58809e-01  -1.25573e+00   9.00690e-01  -2.97718e+00 
  3.32657e-02   3.25486e-02   9.57245e-01  -1.25340e+00   8.96984e-01  -2.96765e+00 
  3.45609e-02   3.37874e-02   9.55624e-01  -1.25097e+00   8.93147e-01  -2.95776e+00 
  3.59065e-02   3.50722e-02   9.53942e-01  -1.24846e+00   8.89174e-01  -2.94750e+00 
  3.73045e-02   3.64045e-02   9.52198e-01  -1.24586e+00   8.85061e-01  -2.93687e+00 
  3.87569e-02   3.77862e-02   9.50391e-01  -1.24316e+00   8.80803e-01  -2.92585e+00 
  4.02659e-02   3.92189e-02   9.48517e-01  -1.24037e+00   8.76397e-01  -2.91442e+00 
  4.18336e-02   4.07044e-02   9.46575e-01  -1.23748e+00   8.71837e-01  -2.90258e+00 
  4.34624e-02   4.22445e-02   9.44562e-01  -1.23448e+00   8.67119e-01  -2.89030e+00 
  4.51545e-02   4.38411e-02   9.42475e-01  -1.23138e+00   8.62239e-01  -2.87757e+00 
  4.69126e-02   4.54961e-02   9.40313e-01  -1.22817e+00   8.57192e-01  -2.86439e+00 
  4.87391e-02   4.72116e-02   9.38073e-01  -1.22484e+00   8.51973e-01  -2.85072e+00 
  5.06367e-02   4.89895e-02   9.35752e-01  -1.22140e+00   8.46576e-01  -2.83657e+00 
  5.26083e-02   5.08320e-02   9.33348e-01  -1.21783e+00   8.40999e-01  -2.82190e+00 
  5.46565e-02   5.27412e-02   9.30857e-01  -1.21415e+00   8.35234e-01  -2.80671e+00 
  5.67845e-02   5.47193e-02   9.28277e-01  -1.21033e+00   8.29278e-01  -2.79098e+00 
  5.89954e-02   5.67686e-02   9.25606e-01  -1.20638e+00   8.23126e-01  -2.77470e+00 
  6.12923e-02   5.88915e-02   9.22840e-01  -1.20230e+00   8.16772e-01  -2.75783e+00 
  6.36787e-02   6.10903e-02   9.19975e-01  -1.19807e+00   8.10211e-01  -2.74037e+00 
  6.61580e-02   6.33676e-02   9.17011e-01  -1.19371e+00   8.03440e-01  -2.72230e+00 
  6.87338e-02   6.57256e-02   9.13942e-01  -1.18919e+00   7.96451e-01  -2.70360e+00 
  7.14099e-02   6.81672e-02   9.10765e-01  -1.18452e+00   7.89242e-01  -2.68426e+00 
  7.41902e-02   7.06948e-02   9.07479e-01  -1.17970e+00   7.81807e-01  -2.66424e+00 
  7.70788e-02   7.33112e-02   9.04078e-01  -1.17471e+00   7.74141e-01  -2.64354e+00 
  8.00798e-02   7.60191e-02   9.00561e-01  -1.16956e+00   7.66240e-01  -2.62214e+00 
  8.31976e-02   7.88212e-02   8.96923e-01  -1.16425e+00   7.58099e-01  -2.60001e+00 
  8.64369e-02   8.17205e-02   8.93160e-01  -1.15875e+00   7.49714e-01  -2.57714e+00 
  8.98022e-02   8.47197e-02   8.89270e-01  -1.15308e+00   7.41081e-01  -2.55351e+00 
  9.32986e-02   8.78219e-02   8.85249e-01  -1.14723e+00   7.32196e-01  -2.52909e+00 
  9.69311e-02   9.10300e-02   8.81092e-01  -1.14119e+00   7.23054e-01  -2.50388e+00 
  1.00705e-01   9.43471e-02   8.76797e-01  -1.13496e+00   7.13654e-01  -2.47785e+00 
  1.04626e-01   9.77762e-02   8.72360e-01  -1.12854e+00   7.03992e-01  -2.45098e+00 
  1.08700e-01   1.01320e-01   8.67776e-01  -1.12192e+00   6.94064e-01  -2.42325e+00 
  1.12932e-01   1.04983e-01   8.63043e-01  -1.11509e+00   6.83869e-01  -2.39465e+00 
  1.17329e-01   1.08767e-01   8.58155e-01  -1.10805e+00   6.73405e-01  -2.36516e+00 
  1.21897e-01   1.12676e-01   8.53110e-01  -1.10081e+00   6.62670e-01  -2.33476e+00 
  1.26643e-01   1.16712e-01   8.47903e-01  -1.09334e+00   6.51664e-01  -2.30344e+00 
  1.31573e-01   1.20880e-01   8.42531e-01  -1.08566e+00   6.40386e-01  -2.27119e+00 
  1.36696e-01   1.25181e-01   8.36990e-01  -1.07775e+00   6.28836e-01  -2.23798e+00 
  1.42018e-01   1.29621e-01   8.31276e-01  -1.06962e+00   6.17016e-01  -2.20381e+00 
  1.47548e-01   1.34201e-01   8.25385e-01  -1.06125e+00   6.04928e-01  -2.16867e+00 
  1.53292e-01   1.38925e-01   8.19313e-01  -1.05266e+00   5.92574e-01  -2.13254e+00 
  1.59261e-01   1.43796e-01   8.13057e-01  -1.04382e+00   5.79957e-01  -2.09543e+00 
  1.65461e-01   1.48818e-01   8.06612e-01  -1.03474e+00   5.67082e-01  -2.05732e+00 
  1.71903e-01   1.53993e-01   7.99977e-01  -1.02542e+00   5.53955e-01  -2.01822e+00 
  1.78596e-01   1.59324e-01   7.93146e-01  -1.01586e+00   5.40581e-01  -1.97812e+00 
  1.85550e-01   1.64815e-01   7.86116e-01  -1.00605e+00   5.26970e-01  -1.93702e+00 
  1.92774e-01   1.70468e-01   7.78884e-01  -9.95992e-01   5.13129e-01  -1.89494e+00 
  2.00280e-01   1.76286e-01   7.71448e-01  -9.85682e-01   4.99068e-01  -1.85189e+00 
  2.08078e-01   1.82271e-01   7.63803e-01  -9.75122e-01   4.84800e-01  -1.80787e+00 
  2.16179e-01   1.88427e-01   7.55947e-01  -9.64311e-01   4.70336e-01  -1.76290e+00 
  2.24596e-01   1.94756e-01   7.47877e-01  -9.53248e-01   4.55692e-01  -1.71702e+00 
  2.33340e-01   2.01259e-01   7.39591e-01  -9.41933e-01   4.40883e-01  -1.67024e+00 
  2.42425e-01   2.07940e-01   7.31086e-01  -9.30368e-01   4.25926e-01  -1.62260e+00 
  2.51864e-01   2.14799e-01   7.22361e-01  -9.18554e-01   4.10840e-01  -1.57413e+00 
  2.61670e-01   2.21839e-01   7.13413e-01  -9.06494e-01   3.95646e-01  -1.52489e+00 
  2.71858e-01   2.29060e-01   7.04240e-01  -8.94188e-01   3.80366e-01  -1.47492e+00 
  2.82442e-01   2.36464e-01   6.94842e-01  -8.81642e-01   3.65024e-01  -1.42428e+00 
  2.93439e-01   2.44052e-01   6.85218e-01  -8.68858e-01   3.49645e-01  -1.37303e+00 
  3.04864e-01   2.51824e-01   6.75366e-01  -8.55840e-01   3.34255e-01  -1.32125e+00 
  3.16734e-01   2.59781e-01   6.65286e-01  -8.42595e-01   3.18884e-01  -1.26901e+00 
  3.29065e-01   2.67921e-01   6.54979e-01  -8.29128e-01   3.03561e-01  -1.21640e+00 
  3.41877e-01   2.76245e-01   6.44444e-01  -8.15445e-01   2.88317e-01  -1.16352e+00 
  3.55188e-01   2.84751e-01   6.33683e-01  -8.01555e-01   2.73185e-01  -1.11046e+00 
  3.69017e-01   2.93438e-01   6.22696e-01  -7.87465e-01   2.58198e-01  -1.05734e+00 
  3.83385e-01   3.02304e-01   6.11485e-01  -7.73183e-01   2.43391e-01  -1.00427e+00 
  3.98311e-01   3.11346e-01   6.00052e-01  -7.58721e-01   2.28798e-01  -9.51382e-01 
  4.13819e-01   3.20561e-01   5.88400e-01  -7.44088e-01   2.14455e-01  -8.98796e-01 
  4.29931e-01   3.29945e-01   5.76531e-01  -7.29295e-01   2.00397e-01  -8.46652e-01 
  4.46670e-01   3.39494e-01   5.64449e-01  -7.14356e-01   1.86660e-01  -7.95091e-01 
  4.64061e-01   3.49203e-01   5.52157e-01  -6.99282e-01   1.73279e-01  -7.44257e-01 
  4.82129e-01   3.59066e-01   5.39661e-01  -6.84088e-01   1.60287e-01  -6.94299e-01 
  5.00900e-01   3.69077e-01   5.26964e-01  -6.68788e-01   1.47718e-01  -6.45366e-01 
  5.20402e-01   3.79227e-01   5.14072e-01  -6.53397e-01   1.35603e-01  -5.97607e-01 
  5.40664e-01   3.89510e-01   5.00991e-01  -6.37931e-01   1.23970e-01  -5.51170e-01 
  5.61714e-01   3.99916e-01   4.87726e-01  -6.22407e-01   1.12847e-01  -5.06197e-01 
  5.83584e-01   4.10435e-01   4.74286e-01  -6.06842e-01   1.02257e-01  -4.62829e-01 
  6.06306e-01   4.21056e-01   4.60675e-01  -5.91253e-01   9.22199e-02  -4.21194e-01 
  6.29912e-01   4.31768e-01   4.46904e-01  -5.75659e-01   8.27534e-02  -3.81413e-01 
  6.54437e-01   4.42557e-01   4.32978e-01  -5.60078e-01   7.38700e-02  -3.43596e-01 
  6.79917e-01   4.53409e-01   4.18906e-01  -5.44529e-01   6.55781e-02  -3.07835e-01 
  7.06389e-01   4.64309e-01   4.04698e-01  -5.29032e-01   5.78818e-02  -2.74208e-01 
  7.33892e-01   4.75241e-01   3.90362e-01  -5.13605e-01   5.07804e-02  -2.42777e-01 
  7.62466e-01   4.86188e-01   3.75907e-01  -4.98268e-01   4.42685e-02  -2.13581e-01 
  7.92152e-01   4.97130e-01   3.61343e-01  -4.83040e-01   3.83361e-02  -1.86640e-01 
  8.22993e-01   5.08047e-01   3.46680e-01  -4.67941e-01   3.29687e-02  -1.61953e-01 
  8.55036e-01   5.18918e-01   3.31928e-01  -4.52988e-01   2.81472e-02  -1.39497e-01 
  8.88326e-01   5.29720e-01   3.17096e-01  -4.38200e-01   2.38489e-02  -1.19228e-01 
  9.22913e-01   5.40428e-01   3.02195e-01  -4.23595e-01   2.00470e-02  -1.01080e-01 
  9.58846e-01   5.51016e-01   2.87235e-01  -4.09189e-01   1.67122e-02  -8.49697e-02 
  9.96178e-01   5.61457e-01   2.72226e-01  -3.94999e-01   1.38122e-02  -7.07954e-02 
  1.03496e+00   5.71722e-01   2.57179e-01  -3.81038e-01   1.13132e-02  -5.84409e-02 
  1.07526e+00   5.81780e-01   2.42104e-01  -3.67321e-01   9.17990e-03  -4.77777e-02 
  1.11712e+00   5.91597e-01   2.27011e-01  -3.53860e-01   7.37679e-03  -3.86680e-02 
  1.16062e+00   6.01141e-01   2.11909e-01  -3.40664e-01   5.86830e-03  -3.09684e-02 
  1.20581e+00   6.10373e-01   1.96810e-01  -3.27743e-01   4.61972e-03  -2.45329e-02 
  1.25275e+00   6.19256e-01   1.81724e-01  -3.15103e-01   3.59766e-03  -1.92159e-02 
  1.30153e+00   6.27750e-01   1.66659e-01  -3.02750e-01   2.77061e-03  -1.48758e-02 
  1.35220e+00   6.35812e-01   1.51626e-01  -2.90685e-01   2.10929e-03  -1.13771e-02 
  1.40485e+00   6.43397e-01   1.36636e-01  -2.78909e-01   1.58693e-03  -8.59313e-03 
  1.45955e+00   6.50459e-01   1.21698e-01  -2.67418e-01   1.17955e-03  -6.40729e-03 
  1.51637e+00   6.56949e-01   1.06823e-01  -2.56210e-01   8.65955e-04  -4.71466e-03 
  1.57541e+00   6.62816e-01   9.20229e-02  -2.45274e-01   6.27755e-04  -3.42246e-03 
  1.63675e+00   6.68006e-01   7.73090e-02  -2.34602e-01   4.49286e-04  -2.45025e-03 
  1.70047e+00   6.72463e-01   6.26943e-02  -2.24180e-01   3.17422e-04  -1.72965e-03 
  1.76668e+00   6.76130e-01   4.81927e-02  -2.13993e-01   2.21366e-04  -1.20364e-03 
  1.83547e+00   6.78947e-01   3.38196e-02  -2.04020e-01   1.52392e-04  -8.25568e-04 
  1.90693e+00   6.80851e-01   1.95925e-02  -1.94242e-01   1.03576e-04  -5.58082e-04 
  1.98117e+00   6.81779e-01   5.53091e-03  -1.84635e-01   6.95253e-05  -3.71816e-04 
  2.05831e+00   6.81666e-01  -8.34292e-03  -1.75173e-01   4.61157e-05  -2.44163e-04 
  2.13845e+00   6.80445e-01  -2.20036e-02  -1.65828e-01   3.02512e-05  -1.58064e-04 
  2.22171e+00   6.78049e-01  -3.54219e-02  -1.56572e-01   1.96506e-05  -1.00908e-04 
  2.30821e+00   6.74411e-01  -4.85649e-02  -1.47374e-01   1.26641e-05  -6.35564e-05 
  2.39808e+00   6.69464e-01  -6.13944e-02  -1.38205e-01   8.11981e-06  -3.95189e-05 
  2.49144e+00   6.63143e-01  -7.38675e-02  -1.29034e-01   5.20073e-06  -2.42793e-05 
  2.58845e+00   6.55385e-01  -8.59354e-02  -1.19833e-01   3.34703e-06  -1.47556e-05 
  2.68923e+00   6.46132e-01  -9.75433e-02  -1.10576e-01   2.18178e-06  -8.88473e-06 
  2.79393e+00   6.35330e-01  -1.08630e-01  -1.01239e-01   1.45537e-06  -5.31191e-06 
  2.90271e+00   6.22933e-01  -1.19127e-01  -9.18056e-02   1.00512e-06  -3.16328e-06 
  3.01572e+00   6.08904e-01  -1.28961e-01  -8.22618e-02   7.26598e-07  -1.88499e-06 
  3.13314e+00   5.93217e-01  -1.38050e-01  -7.26033e-02   5.53684e-07  -1.13179e-06 
  3.25512e+00   5.75861e-01  -1.46308e-01  -6.28335e-02   4.45044e-07  -6.91705e-07 
  3.38186e+00   5.56840e-01  -1.53643e-01  -5.29665e-02   3.75128e-07  -4.36432e-07 
  3.51353e+00   5.36180e-01  -1.59959e-01  -4.30274e-02   3.28303e-07  -2.89258e-07 
  3.65033e+00   5.13927e-01  -1.65159e-01  -3.30539e-02   2.95080e-07  -2.04822e-07 
  3.79245e+00   4.90154e-01  -1.69144e-01  -2.30969e-02   2.69741e-07  -1.56530e-07 
  3.94011e+00   4.64963e-01  -1.71819e-01  -1.32208e-02   2.48870e-07  -1.28900e-07 
  4.09351e+00   4.38488e-01  -1.73095e-01  -3.50310e-03   2.30436e-07  -1.12952e-07 
  4.25289e+00   4.10897e-01  -1.72890e-01   5.96637e-03   2.13255e-07  -1.03492e-07 
  4.41847e+00   3.82394e-01  -1.71136e-01   1.50877e-02   1.96651e-07  -9.75072e-08 
  4.59050e+00   3.53220e-01  -1.67783e-01   2.37533e-02   1.80261e-07  -9.32492e-08 
  4.76923e+00   3.23656e-01  -1.62800e-01   3.18520e-02   1.63919e-07  -8.96995e-08 
  4.95492e+00   2.94020e-01  -1.56181e-01   3.92735e-02   1.47583e-07  -8.62658e-08 
  5.14784e+00   2.64664e-01  -1.47947e-01   4.59140e-02   1.31290e-07  -8.26097e-08 
  5.34826e+00   2.35974e-01  -1.38147e-01   5.16821e-02   1.15135e-07  -7.85485e-08 
  5.55649e+00   2.08365e-01  -1.26863e-01   5.65054e-02   9.92463e-08  -7.39997e-08 
  5.77283e+00   1.82274e-01  -1.14204e-01   6.03365e-02   8.37783e-08  -6.89496e-08 
  5.99759e+00   1.58155e-01  -1.00304e-01   6.31589e-02   6.88965e-08  -6.34362e-08 
  6.23111e+00   1.36474e-01  -8.53218e-02   6.49918e-02   5.47699e-08  -5.75388e-08 
  6.47371e+00   1.17698e-01  -6.94265e-02   6.58936e-02   4.15594e-08  -5.13729e-08 
  6.72576e+00   1.02295e-01  -5.27929e-02   6.59640e-02   2.94074e-08  -4.50872e-08 
  6.98762e+00   9.07270e-02  -3.55878e-02   6.53448e-02   1.84245e-08  -3.88616e-08 
  7.25968e+00   8.34505e-02  -1.79552e-02   6.42194e-02   8.67595e-09  -3.29051e-08 
  7.54233e+00   8.09224e-02  -4.50195e-10   6.28117e-02   1.65696e-10  -2.74514e-08 
