#  Mixed convection heat transfer in the boundary                   layers on an exponentially stretching surface with magnetic field   
#	   eta            f              f'           f''          theta         dtheta
  0.00000e+00   0.00000e+00   1.00000e+00  -1.31414e+00   1.00000e+00   2.33007e+01 
  7.50000e-02   7.14396e-02   9.06799e-01  -1.17462e+00   2.75318e+00   2.34683e+01 
  1.50000e-01   1.36263e-01   8.23340e-01  -1.05381e+00   4.52254e+00   2.37281e+01 
  2.25000e-01   1.95152e-01   7.48332e-01  -9.48839e-01   6.31409e+00   2.40563e+01 
  3.00000e-01   2.48697e-01   6.80678e-01  -8.57315e-01   8.13220e+00   2.44329e+01 
  3.75000e-01   2.97414e-01   6.19448e-01  -7.77260e-01   9.97981e+00   2.48408e+01 
  4.50000e-01   3.41754e-01   5.63844e-01  -7.07023e-01   1.18587e+01   2.52653e+01 
  5.25000e-01   3.82114e-01   5.13184e-01  -6.45217e-01   1.37697e+01   2.56938e+01 
  6.00000e-01   4.18841e-01   4.66880e-01  -5.90676e-01   1.57126e+01   2.61155e+01 
  6.75000e-01   4.52242e-01   4.24426e-01  -5.42411e-01   1.76866e+01   2.65211e+01 
  7.50000e-01   4.82590e-01   3.85383e-01  -4.99582e-01   1.96902e+01   2.69025e+01 
  8.25000e-01   5.10125e-01   3.49371e-01  -4.61471e-01   2.17212e+01   2.72526e+01 
  9.00000e-01   5.35063e-01   3.16059e-01  -4.27463e-01   2.37771e+01   2.75654e+01 
  9.75000e-01   5.57594e-01   2.85162e-01  -3.97031e-01   2.58550e+01   2.78356e+01 
  1.05000e+00   5.77891e-01   2.56427e-01  -3.69720e-01   2.79513e+01   2.80588e+01 
  1.12500e+00   5.96107e-01   2.29636e-01  -3.45134e-01   3.00625e+01   2.82310e+01 
  1.20000e+00   6.12380e-01   2.04597e-01  -3.22934e-01   3.21846e+01   2.83489e+01 
  1.27500e+00   6.26836e-01   1.81143e-01  -3.02820e-01   3.43134e+01   2.84097e+01 
  1.35000e+00   6.39588e-01   1.59128e-01  -2.84536e-01   3.64446e+01   2.84111e+01 
  1.42500e+00   6.50738e-01   1.38423e-01  -2.67856e-01   3.85735e+01   2.83511e+01 
  1.50000e+00   6.60381e-01   1.18915e-01  -2.52581e-01   4.06957e+01   2.82283e+01 
  1.57500e+00   6.68603e-01   1.00505e-01  -2.38540e-01   4.28062e+01   2.80416e+01 
  1.65000e+00   6.75482e-01   8.31067e-02  -2.25580e-01   4.49003e+01   2.77900e+01 
  1.72500e+00   6.81092e-01   6.66441e-02  -2.13570e-01   4.69731e+01   2.74732e+01 
  1.80000e+00   6.85501e-01   5.10504e-02  -2.02392e-01   4.90196e+01   2.70910e+01 
  1.87500e+00   6.88770e-01   3.62670e-02  -1.91945e-01   5.10351e+01   2.66435e+01 
  1.95000e+00   6.90960e-01   2.22426e-02  -1.82139e-01   5.30145e+01   2.61313e+01 
  2.02500e+00   6.92124e-01   8.93210e-03  -1.72895e-01   5.49532e+01   2.55549e+01 
  2.10000e+00   6.92316e-01  -3.70396e-03  -1.64144e-01   5.68462e+01   2.49155e+01 
  2.17500e+00   6.91585e-01  -1.57003e-02  -1.55826e-01   5.86889e+01   2.42143e+01 
  2.25000e+00   6.89976e-01  -2.70874e-02  -1.47889e-01   6.04768e+01   2.34528e+01 
  2.32500e+00   6.87536e-01  -3.78919e-02  -1.40286e-01   6.22054e+01   2.26327e+01 
  2.40000e+00   6.84307e-01  -4.81376e-02  -1.32978e-01   6.38703e+01   2.17561e+01 
  2.47500e+00   6.80329e-01  -5.78451e-02  -1.25930e-01   6.54675e+01   2.08251e+01 
  2.55000e+00   6.75643e-01  -6.70329e-02  -1.19114e-01   6.69928e+01   1.98423e+01 
  2.62500e+00   6.70287e-01  -7.57173e-02  -1.12503e-01   6.84426e+01   1.88102e+01 
  2.70000e+00   6.64297e-01  -8.39129e-02  -1.06076e-01   6.98132e+01   1.77316e+01 
  2.77500e+00   6.57712e-01  -9.16328e-02  -9.98149e-02   7.11012e+01   1.66097e+01 
  2.85000e+00   6.50564e-01  -9.88889e-02  -9.37049e-02   7.23036e+01   1.54475e+01 
  2.92500e+00   6.42890e-01  -1.05692e-01  -8.77334e-02   7.34174e+01   1.42483e+01 
  3.00000e+00   6.34721e-01  -1.12052e-01  -8.18903e-02   7.44400e+01   1.30157e+01 
  3.07500e+00   6.26093e-01  -1.17979e-01  -7.61677e-02   7.53690e+01   1.17532e+01 
  3.15000e+00   6.17035e-01  -1.23480e-01  -7.05596e-02   7.62023e+01   1.04644e+01 
  3.22500e+00   6.07581e-01  -1.28565e-01  -6.50616e-02   7.69381e+01   9.15302e+00 
  3.30000e+00   5.97761e-01  -1.33242e-01  -5.96706e-02   7.75748e+01   7.82293e+00 
  3.37500e+00   5.87605e-01  -1.37519e-01  -5.43849e-02   7.81112e+01   6.47793e+00 
  3.45000e+00   5.77143e-01  -1.41402e-01  -4.92036e-02   7.85462e+01   5.12184e+00 
  3.52500e+00   5.66404e-01  -1.44902e-01  -4.41270e-02   7.88793e+01   3.75851e+00 
  3.60000e+00   5.55417e-01  -1.48024e-01  -3.91560e-02   7.91099e+01   2.39175e+00 
  3.67500e+00   5.44209e-01  -1.50778e-01  -3.42921e-02   7.92380e+01   1.02534e+00 
  3.75000e+00   5.32809e-01  -1.53171e-01  -2.95373e-02   7.92638e+01  -3.37025e-01 
  3.82500e+00   5.21243e-01  -1.55211e-01  -2.48939e-02   7.91877e+01  -1.69170e+00 
  3.90000e+00   5.09536e-01  -1.56908e-01  -2.03647e-02   7.90103e+01  -3.03516e+00 
  3.97500e+00   4.97715e-01  -1.58269e-01  -1.59524e-02   7.87328e+01  -4.36399e+00 
  4.05000e+00   4.85804e-01  -1.59303e-01  -1.16600e-02   7.83562e+01  -5.67490e+00 
  4.12500e+00   4.73827e-01  -1.60021e-01  -7.49042e-03   7.78821e+01  -6.96475e+00 
  4.20000e+00   4.61809e-01  -1.60430e-01  -3.44657e-03   7.73121e+01  -8.23055e+00 
  4.27500e+00   4.49770e-01  -1.60541e-01   4.68774e-04   7.66482e+01  -9.46948e+00 
  4.35000e+00   4.37735e-01  -1.60363e-01   4.25299e-03   7.58924e+01  -1.06789e+01 
  4.42500e+00   4.25723e-01  -1.59906e-01   7.90366e-03   7.50471e+01  -1.18564e+01 
  4.50000e+00   4.13755e-01  -1.59181e-01   1.14186e-02   7.41148e+01  -1.29998e+01 
  4.57500e+00   4.01852e-01  -1.58197e-01   1.47960e-02   7.30981e+01  -1.41069e+01 
  4.65000e+00   3.90032e-01  -1.56965e-01   1.80342e-02   7.19997e+01  -1.51759e+01 
  4.72500e+00   3.78313e-01  -1.55495e-01   2.11319e-02   7.08227e+01  -1.62052e+01 
  4.80000e+00   3.66713e-01  -1.53799e-01   2.40884e-02   6.95699e+01  -1.71935e+01 
  4.87500e+00   3.55249e-01  -1.51886e-01   2.69030e-02   6.82447e+01  -1.81395e+01 
  4.95000e+00   3.43936e-01  -1.49767e-01   2.95756e-02   6.68501e+01  -1.90421e+01 
  5.02500e+00   3.32789e-01  -1.47453e-01   3.21064e-02   6.53895e+01  -1.99007e+01 
  5.10000e+00   3.21822e-01  -1.44954e-01   3.44959e-02   6.38661e+01  -2.07147e+01 
  5.17500e+00   3.11050e-01  -1.42282e-01   3.67450e-02   6.22834e+01  -2.14836e+01 
  5.25000e+00   3.00484e-01  -1.39446e-01   3.88552e-02   6.06447e+01  -2.22074e+01 
  5.32500e+00   2.90137e-01  -1.36457e-01   4.08279e-02   5.89534e+01  -2.28859e+01 
  5.40000e+00   2.80019e-01  -1.33325e-01   4.26652e-02   5.72129e+01  -2.35195e+01 
  5.47500e+00   2.70141e-01  -1.30061e-01   4.43694e-02   5.54266e+01  -2.41084e+01 
  5.55000e+00   2.60513e-01  -1.26673e-01   4.59430e-02   5.35978e+01  -2.46532e+01 
  5.62500e+00   2.51143e-01  -1.23173e-01   4.73889e-02   5.17297e+01  -2.51546e+01 
  5.70000e+00   2.42040e-01  -1.19568e-01   4.87103e-02   4.98257e+01  -2.56134e+01 
  5.77500e+00   2.33210e-01  -1.15869e-01   4.99105e-02   4.78888e+01  -2.60304e+01 
  5.85000e+00   2.24662e-01  -1.12084e-01   5.09933e-02   4.59221e+01  -2.64069e+01 
  5.92500e+00   2.16400e-01  -1.08223e-01   5.19623e-02   4.39287e+01  -2.67440e+01 
  6.00000e+00   2.08430e-01  -1.04293e-01   5.28216e-02   4.19115e+01  -2.70430e+01 
  6.07500e+00   2.00757e-01  -1.00302e-01   5.35753e-02   3.98732e+01  -2.73052e+01 
  6.15000e+00   1.93386e-01  -9.62590e-02   5.42279e-02   3.78166e+01  -2.75322e+01 
  6.22500e+00   1.86319e-01  -9.21705e-02   5.47835e-02   3.57442e+01  -2.77255e+01 
  6.30000e+00   1.79561e-01  -8.80438e-02   5.52469e-02   3.36585e+01  -2.78866e+01 
  6.37500e+00   1.73114e-01  -8.38857e-02   5.56226e-02   3.15620e+01  -2.80172e+01 
  6.45000e+00   1.66979e-01  -7.97025e-02   5.59152e-02   2.94567e+01  -2.81191e+01 
  6.52500e+00   1.61159e-01  -7.55003e-02   5.61294e-02   2.73448e+01  -2.81939e+01 
  6.60000e+00   1.55654e-01  -7.12849e-02   5.62700e-02   2.52282e+01  -2.82434e+01 
  6.67500e+00   1.50466e-01  -6.70616e-02   5.63416e-02   2.31088e+01  -2.82694e+01 
  6.75000e+00   1.45595e-01  -6.28353e-02   5.63491e-02   2.09883e+01  -2.82737e+01 
  6.82500e+00   1.41041e-01  -5.86107e-02   5.62970e-02   1.88683e+01  -2.82580e+01 
  6.90000e+00   1.36803e-01  -5.43921e-02   5.61902e-02   1.67501e+01  -2.82242e+01 
  6.97500e+00   1.32882e-01  -5.01834e-02   5.60331e-02   1.46351e+01  -2.81740e+01 
  7.05000e+00   1.29275e-01  -4.59883e-02   5.58303e-02   1.25243e+01  -2.81093e+01 
  7.12500e+00   1.25983e-01  -4.18099e-02   5.55864e-02   1.04190e+01  -2.80317e+01 
  7.20000e+00   1.23004e-01  -3.76512e-02   5.53058e-02   8.31988e+00  -2.79430e+01 
  7.27500e+00   1.20335e-01  -3.35148e-02   5.49927e-02   6.22777e+00  -2.78449e+01 
  7.35000e+00   1.17976e-01  -2.94030e-02   5.46515e-02   4.14333e+00  -2.77392e+01 
  7.42500e+00   1.15924e-01  -2.53177e-02   5.42863e-02   2.06704e+00  -2.76275e+01 
  7.50000e+00   1.14177e-01  -2.12606e-02   5.39012e-02  -6.84078e-04  -2.75113e+01 
