#  Mixed convection heat transfer in the boundary                   layers on an exponentially stretching surface with magnetic field   
#	   eta            f              f'           f''          theta         dtheta
  0.00000e+00   0.00000e+00   1.00000e+00  -1.39756e+00   1.00000e+00   5.24068e+00 
  3.55000e-03   3.54121e-03   9.95052e-01  -1.39025e+00   1.01852e+00   5.19245e+00 
  3.68822e-03   3.67873e-03   9.94860e-01  -1.38997e+00   1.01924e+00   5.19058e+00 
  3.83182e-03   3.82157e-03   9.94660e-01  -1.38968e+00   1.01998e+00   5.18864e+00 
  3.98100e-03   3.96995e-03   9.94453e-01  -1.38937e+00   1.02076e+00   5.18662e+00 
  4.13600e-03   4.12407e-03   9.94237e-01  -1.38905e+00   1.02156e+00   5.18452e+00 
  4.29703e-03   4.28416e-03   9.94014e-01  -1.38872e+00   1.02239e+00   5.18234e+00 
  4.46434e-03   4.45044e-03   9.93781e-01  -1.38838e+00   1.02326e+00   5.18008e+00 
  4.63815e-03   4.62315e-03   9.93540e-01  -1.38803e+00   1.02416e+00   5.17773e+00 
  4.81874e-03   4.80255e-03   9.93289e-01  -1.38766e+00   1.02510e+00   5.17529e+00 
  5.00635e-03   4.98888e-03   9.93029e-01  -1.38727e+00   1.02607e+00   5.17275e+00 
  5.20127e-03   5.18241e-03   9.92759e-01  -1.38687e+00   1.02707e+00   5.17012e+00 
  5.40378e-03   5.38343e-03   9.92478e-01  -1.38646e+00   1.02812e+00   5.16739e+00 
  5.61417e-03   5.59220e-03   9.92186e-01  -1.38603e+00   1.02921e+00   5.16455e+00 
  5.83275e-03   5.80905e-03   9.91883e-01  -1.38558e+00   1.03034e+00   5.16160e+00 
  6.05985e-03   6.03426e-03   9.91569e-01  -1.38512e+00   1.03151e+00   5.15854e+00 
  6.29578e-03   6.26817e-03   9.91242e-01  -1.38464e+00   1.03273e+00   5.15536e+00 
  6.54090e-03   6.51110e-03   9.90903e-01  -1.38414e+00   1.03399e+00   5.15206e+00 
  6.79557e-03   6.76341e-03   9.90550e-01  -1.38362e+00   1.03530e+00   5.14863e+00 
  7.06015e-03   7.02544e-03   9.90184e-01  -1.38308e+00   1.03666e+00   5.14507e+00 
  7.33503e-03   7.29757e-03   9.89804e-01  -1.38252e+00   1.03808e+00   5.14137e+00 
  7.62062e-03   7.58019e-03   9.89409e-01  -1.38194e+00   1.03954e+00   5.13753e+00 
  7.91732e-03   7.87369e-03   9.88999e-01  -1.38133e+00   1.04107e+00   5.13354e+00 
  8.22558e-03   8.17849e-03   9.88574e-01  -1.38071e+00   1.04265e+00   5.12940e+00 
  8.54583e-03   8.49501e-03   9.88132e-01  -1.38006e+00   1.04429e+00   5.12510e+00 
  8.87856e-03   8.82372e-03   9.87673e-01  -1.37938e+00   1.04600e+00   5.12064e+00 
  9.22424e-03   9.16505e-03   9.87196e-01  -1.37868e+00   1.04776e+00   5.11600e+00 
  9.58338e-03   9.51950e-03   9.86701e-01  -1.37795e+00   1.04960e+00   5.11119e+00 
  9.95650e-03   9.88757e-03   9.86187e-01  -1.37719e+00   1.05151e+00   5.10619e+00 
  1.03442e-02   1.02698e-02   9.85653e-01  -1.37641e+00   1.05349e+00   5.10100e+00 
  1.07469e-02   1.06666e-02   9.85099e-01  -1.37559e+00   1.05554e+00   5.09562e+00 
  1.11653e-02   1.10787e-02   9.84524e-01  -1.37475e+00   1.05767e+00   5.09003e+00 
  1.16000e-02   1.15065e-02   9.83926e-01  -1.37387e+00   1.05988e+00   5.08422e+00 
  1.20517e-02   1.19508e-02   9.83306e-01  -1.37295e+00   1.06218e+00   5.07820e+00 
  1.25209e-02   1.24120e-02   9.82662e-01  -1.37201e+00   1.06456e+00   5.07194e+00 
  1.30084e-02   1.28909e-02   9.81993e-01  -1.37102e+00   1.06703e+00   5.06545e+00 
  1.35149e-02   1.33881e-02   9.81299e-01  -1.37000e+00   1.06959e+00   5.05871e+00 
  1.40411e-02   1.39042e-02   9.80579e-01  -1.36895e+00   1.07225e+00   5.05171e+00 
  1.45877e-02   1.44401e-02   9.79830e-01  -1.36785e+00   1.07501e+00   5.04445e+00 
  1.51557e-02   1.49964e-02   9.79054e-01  -1.36671e+00   1.07787e+00   5.03691e+00 
  1.57458e-02   1.55739e-02   9.78248e-01  -1.36552e+00   1.08084e+00   5.02909e+00 
  1.63588e-02   1.61733e-02   9.77411e-01  -1.36429e+00   1.08393e+00   5.02097e+00 
  1.69957e-02   1.67956e-02   9.76543e-01  -1.36302e+00   1.08712e+00   5.01255e+00 
  1.76575e-02   1.74415e-02   9.75641e-01  -1.36170e+00   1.09043e+00   5.00381e+00 
  1.83449e-02   1.81119e-02   9.74705e-01  -1.36032e+00   1.09387e+00   4.99474e+00 
  1.90592e-02   1.88077e-02   9.73734e-01  -1.35890e+00   1.09744e+00   4.98532e+00 
  1.98012e-02   1.95299e-02   9.72726e-01  -1.35742e+00   1.10113e+00   4.97556e+00 
  2.05722e-02   2.02794e-02   9.71681e-01  -1.35589e+00   1.10496e+00   4.96542e+00 
  2.13732e-02   2.10573e-02   9.70595e-01  -1.35430e+00   1.10894e+00   4.95491e+00 
  2.22053e-02   2.18645e-02   9.69469e-01  -1.35265e+00   1.11306e+00   4.94400e+00 
  2.30699e-02   2.27021e-02   9.68300e-01  -1.35094e+00   1.11732e+00   4.93269e+00 
  2.39681e-02   2.35713e-02   9.67088e-01  -1.34916e+00   1.12175e+00   4.92096e+00 
  2.49012e-02   2.44732e-02   9.65829e-01  -1.34732e+00   1.12634e+00   4.90878e+00 
  2.58708e-02   2.54089e-02   9.64524e-01  -1.34541e+00   1.13109e+00   4.89616e+00 
  2.68780e-02   2.63798e-02   9.63170e-01  -1.34343e+00   1.13601e+00   4.88307e+00 
  2.79245e-02   2.73870e-02   9.61765e-01  -1.34138e+00   1.14112e+00   4.86949e+00 
  2.90117e-02   2.84319e-02   9.60308e-01  -1.33925e+00   1.14640e+00   4.85541e+00 
  3.01413e-02   2.95157e-02   9.58796e-01  -1.33704e+00   1.15188e+00   4.84081e+00 
  3.13148e-02   3.06400e-02   9.57229e-01  -1.33475e+00   1.15755e+00   4.82568e+00 
  3.25340e-02   3.18061e-02   9.55603e-01  -1.33238e+00   1.16343e+00   4.80998e+00 
  3.38007e-02   3.30154e-02   9.53917e-01  -1.32992e+00   1.16951e+00   4.79372e+00 
  3.51167e-02   3.42696e-02   9.52168e-01  -1.32737e+00   1.17581e+00   4.77686e+00 
  3.64840e-02   3.55703e-02   9.50355e-01  -1.32473e+00   1.18233e+00   4.75939e+00 
  3.79044e-02   3.69189e-02   9.48475e-01  -1.32199e+00   1.18907e+00   4.74128e+00 
  3.93802e-02   3.83172e-02   9.46526e-01  -1.31915e+00   1.19606e+00   4.72251e+00 
  4.09135e-02   3.97669e-02   9.44506e-01  -1.31621e+00   1.20328e+00   4.70307e+00 
  4.25064e-02   4.12698e-02   9.42412e-01  -1.31317e+00   1.21076e+00   4.68293e+00 
  4.41613e-02   4.28276e-02   9.40241e-01  -1.31001e+00   1.21849e+00   4.66206e+00 
  4.58807e-02   4.44423e-02   9.37992e-01  -1.30675e+00   1.22649e+00   4.64045e+00 
  4.76671e-02   4.61158e-02   9.35660e-01  -1.30336e+00   1.23476e+00   4.61806e+00 
  4.95230e-02   4.78500e-02   9.33245e-01  -1.29986e+00   1.24331e+00   4.59488e+00 
  5.14511e-02   4.96471e-02   9.30742e-01  -1.29623e+00   1.25214e+00   4.57088e+00 
  5.34543e-02   5.15089e-02   9.28149e-01  -1.29248e+00   1.26127e+00   4.54603e+00 
  5.55355e-02   5.34378e-02   9.25463e-01  -1.28859e+00   1.27071e+00   4.52031e+00 
  5.76978e-02   5.54359e-02   9.22681e-01  -1.28457e+00   1.28045e+00   4.49369e+00 
  5.99442e-02   5.75054e-02   9.19800e-01  -1.28041e+00   1.29052e+00   4.46615e+00 
  6.22781e-02   5.96486e-02   9.16817e-01  -1.27610e+00   1.30091e+00   4.43764e+00 
  6.47028e-02   6.18679e-02   9.13728e-01  -1.27164e+00   1.31163e+00   4.40816e+00 
  6.72220e-02   6.41657e-02   9.10530e-01  -1.26704e+00   1.32270e+00   4.37766e+00 
  6.98392e-02   6.65444e-02   9.07221e-01  -1.26227e+00   1.33411e+00   4.34612e+00 
  7.25584e-02   6.90066e-02   9.03795e-01  -1.25734e+00   1.34589e+00   4.31351e+00 
  7.53834e-02   7.15549e-02   9.00250e-01  -1.25225e+00   1.35803e+00   4.27980e+00 
  7.83184e-02   7.41917e-02   8.96583e-01  -1.24699e+00   1.37054e+00   4.24496e+00 
  8.13676e-02   7.69198e-02   8.92788e-01  -1.24155e+00   1.38343e+00   4.20896e+00 
  8.45356e-02   7.97420e-02   8.88864e-01  -1.23593e+00   1.39670e+00   4.17176e+00 
  8.78270e-02   8.26608e-02   8.84806e-01  -1.23012e+00   1.41037e+00   4.13334e+00 
  9.12465e-02   8.56792e-02   8.80610e-01  -1.22413e+00   1.42443e+00   4.09367e+00 
  9.47991e-02   8.88000e-02   8.76272e-01  -1.21794e+00   1.43890e+00   4.05271e+00 
  9.84900e-02   9.20260e-02   8.71788e-01  -1.21155e+00   1.45378e+00   4.01043e+00 
  1.02325e-01   9.53601e-02   8.67155e-01  -1.20495e+00   1.46908e+00   3.96681e+00 
  1.06309e-01   9.88052e-02   8.62368e-01  -1.19815e+00   1.48479e+00   3.92180e+00 
  1.10448e-01   1.02364e-01   8.57424e-01  -1.19113e+00   1.50093e+00   3.87539e+00 
  1.14748e-01   1.06040e-01   8.52317e-01  -1.18389e+00   1.51749e+00   3.82753e+00 
  1.19215e-01   1.09837e-01   8.47045e-01  -1.17643e+00   1.53448e+00   3.77821e+00 
  1.23857e-01   1.13755e-01   8.41602e-01  -1.16874e+00   1.55190e+00   3.72739e+00 
  1.28679e-01   1.17800e-01   8.35985e-01  -1.16082e+00   1.56975e+00   3.67504e+00 
  1.33689e-01   1.21974e-01   8.30190e-01  -1.15266e+00   1.58802e+00   3.62113e+00 
  1.38894e-01   1.26280e-01   8.24212e-01  -1.14426e+00   1.60673e+00   3.56565e+00 
  1.44302e-01   1.30720e-01   8.18047e-01  -1.13561e+00   1.62586e+00   3.50856e+00 
  1.49921e-01   1.35298e-01   8.11692e-01  -1.12671e+00   1.64540e+00   3.44984e+00 
  1.55758e-01   1.40017e-01   8.05142e-01  -1.11755e+00   1.66536e+00   3.38948e+00 
  1.61822e-01   1.44879e-01   7.98394e-01  -1.10814e+00   1.68573e+00   3.32744e+00 
  1.68122e-01   1.49888e-01   7.91443e-01  -1.09846e+00   1.70649e+00   3.26371e+00 
  1.74668e-01   1.55045e-01   7.84285e-01  -1.08852e+00   1.72764e+00   3.19828e+00 
  1.81469e-01   1.60353e-01   7.76917e-01  -1.07830e+00   1.74916e+00   3.13113e+00 
  1.88534e-01   1.65816e-01   7.69336e-01  -1.06782e+00   1.77104e+00   3.06226e+00 
  1.95874e-01   1.71434e-01   7.61537e-01  -1.05705e+00   1.79326e+00   2.99164e+00 
  2.03501e-01   1.77211e-01   7.53518e-01  -1.04601e+00   1.81580e+00   2.91929e+00 
  2.11424e-01   1.83149e-01   7.45275e-01  -1.03469e+00   1.83863e+00   2.84521e+00 
  2.19656e-01   1.89249e-01   7.36806e-01  -1.02309e+00   1.86174e+00   2.76938e+00 
  2.28208e-01   1.95513e-01   7.28107e-01  -1.01120e+00   1.88509e+00   2.69183e+00 
  2.37093e-01   2.01942e-01   7.19177e-01  -9.99035e-01   1.90866e+00   2.61257e+00 
  2.46324e-01   2.08539e-01   7.10012e-01  -9.86580e-01   1.93240e+00   2.53161e+00 
  2.55914e-01   2.15303e-01   7.00612e-01  -9.73841e-01   1.95628e+00   2.44898e+00 
  2.65878e-01   2.22235e-01   6.90974e-01  -9.60817e-01   1.98026e+00   2.36471e+00 
  2.76230e-01   2.29337e-01   6.81097e-01  -9.47509e-01   2.00430e+00   2.27884e+00 
  2.86985e-01   2.36608e-01   6.70979e-01  -9.33920e-01   2.02833e+00   2.19140e+00 
  2.98158e-01   2.44047e-01   6.60622e-01  -9.20050e-01   2.05232e+00   2.10245e+00 
  3.09767e-01   2.51654e-01   6.50024e-01  -9.05904e-01   2.07620e+00   2.01204e+00 
  3.21827e-01   2.59428e-01   6.39185e-01  -8.91484e-01   2.09991e+00   1.92025e+00 
  3.34358e-01   2.67368e-01   6.28107e-01  -8.76793e-01   2.12338e+00   1.82714e+00 
  3.47376e-01   2.75470e-01   6.16791e-01  -8.61837e-01   2.14655e+00   1.73280e+00 
  3.60900e-01   2.83734e-01   6.05238e-01  -8.46622e-01   2.16934e+00   1.63732e+00 
  3.74952e-01   2.92155e-01   5.93451e-01  -8.31152e-01   2.19167e+00   1.54081e+00 
  3.89550e-01   3.00731e-01   5.81432e-01  -8.15435e-01   2.21344e+00   1.44337e+00 
  4.04717e-01   3.09456e-01   5.69186e-01  -7.99478e-01   2.23459e+00   1.34513e+00 
  4.20474e-01   3.18327e-01   5.56717e-01  -7.83290e-01   2.25500e+00   1.24622e+00 
  4.36845e-01   3.27336e-01   5.44028e-01  -7.66879e-01   2.27458e+00   1.14679e+00 
  4.53854e-01   3.36479e-01   5.31127e-01  -7.50255e-01   2.29323e+00   1.04700e+00 
  4.71524e-01   3.45748e-01   5.18019e-01  -7.33429e-01   2.31085e+00   9.47008e-01 
  4.89883e-01   3.55136e-01   5.04711e-01  -7.16412e-01   2.32731e+00   8.47000e-01 
  5.08956e-01   3.64633e-01   4.91212e-01  -6.99215e-01   2.34250e+00   7.47165e-01 
  5.28772e-01   3.74230e-01   4.77529e-01  -6.81853e-01   2.35632e+00   6.47706e-01 
  5.49359e-01   3.83918e-01   4.63673e-01  -6.64337e-01   2.36863e+00   5.48837e-01 
  5.70748e-01   3.93685e-01   4.49653e-01  -6.46683e-01   2.37931e+00   4.50781e-01 
  5.92970e-01   4.03519e-01   4.35481e-01  -6.28904e-01   2.38824e+00   3.53774e-01 
  6.16057e-01   4.13407e-01   4.21170e-01  -6.11017e-01   2.39529e+00   2.58060e-01 
  6.40042e-01   4.23335e-01   4.06731e-01  -5.93038e-01   2.40034e+00   1.63893e-01 
  6.64962e-01   4.33288e-01   3.92179e-01  -5.74983e-01   2.40326e+00   7.15323e-02 
  6.90852e-01   4.43251e-01   3.77528e-01  -5.56870e-01   2.40394e+00  -1.87541e-02 
  7.17750e-01   4.53206e-01   3.62795e-01  -5.38717e-01   2.40223e+00  -1.06694e-01 
  7.45695e-01   4.63137e-01   3.47996e-01  -5.20541e-01   2.39805e+00  -1.92013e-01 
  7.74728e-01   4.73023e-01   3.33149e-01  -5.02361e-01   2.39126e+00  -2.74433e-01 
  8.04891e-01   4.82847e-01   3.18272e-01  -4.84197e-01   2.38177e+00  -3.53678e-01 
  8.36229e-01   4.92586e-01   3.03384e-01  -4.66067e-01   2.36948e+00  -4.29477e-01 
  8.68787e-01   5.02220e-01   2.88506e-01  -4.47992e-01   2.35431e+00  -5.01561e-01 
  9.02613e-01   5.11726e-01   2.73659e-01  -4.29991e-01   2.33617e+00  -5.69672e-01 
  9.37755e-01   5.21081e-01   2.58865e-01  -4.12085e-01   2.31501e+00  -6.33564e-01 
  9.74266e-01   5.30262e-01   2.44147e-01  -3.94293e-01   2.29077e+00  -6.93004e-01 
  1.01220e+00   5.39243e-01   2.29528e-01  -3.76635e-01   2.26343e+00  -7.47777e-01 
  1.05161e+00   5.48001e-01   2.15033e-01  -3.59133e-01   2.23295e+00  -7.97690e-01 
  1.09255e+00   5.56509e-01   2.00686e-01  -3.41805e-01   2.19935e+00  -8.42575e-01 
  1.13509e+00   5.64742e-01   1.86514e-01  -3.24673e-01   2.16264e+00  -8.82288e-01 
  1.17928e+00   5.72673e-01   1.72542e-01  -3.07756e-01   2.12286e+00  -9.16720e-01 
  1.22520e+00   5.80277e-01   1.58798e-01  -2.91074e-01   2.08008e+00  -9.45793e-01 
  1.27290e+00   5.87527e-01   1.45309e-01  -2.74647e-01   2.03437e+00  -9.69466e-01 
  1.32246e+00   5.94398e-01   1.32101e-01  -2.58494e-01   1.98585e+00  -9.87736e-01 
  1.37395e+00   6.00864e-01   1.19204e-01  -2.42634e-01   1.93463e+00  -1.00064e+00 
  1.42744e+00   6.06901e-01   1.06644e-01  -2.27087e-01   1.88088e+00  -1.00826e+00 
  1.48302e+00   6.12485e-01   9.44506e-02  -2.11872e-01   1.82475e+00  -1.01071e+00 
  1.54076e+00   6.17594e-01   8.26507e-02  -1.97005e-01   1.76644e+00  -1.00817e+00 
  1.60075e+00   6.22207e-01   7.12722e-02  -1.82507e-01   1.70616e+00  -1.00082e+00 
  1.66307e+00   6.26303e-01   6.03423e-02  -1.68394e-01   1.64413e+00  -9.88921e-01 
  1.72782e+00   6.29867e-01   4.98876e-02  -1.54684e-01   1.58061e+00  -9.72750e-01 
  1.79509e+00   6.32883e-01   3.99340e-02  -1.41394e-01   1.51583e+00  -9.52622e-01 
  1.86498e+00   6.35340e-01   3.05065e-02  -1.28542e-01   1.45006e+00  -9.28884e-01 
  1.93760e+00   6.37227e-01   2.16286e-02  -1.16143e-01   1.38358e+00  -9.01907e-01 
  2.01304e+00   6.38540e-01   1.33228e-02  -1.04214e-01   1.31666e+00  -8.72086e-01 
  2.09141e+00   6.39276e-01   5.60945e-03  -9.27696e-02   1.24957e+00  -8.39827e-01 
  2.17284e+00   6.39437e-01  -1.49273e-03  -8.18262e-02   1.18257e+00  -8.05546e-01 
  2.25744e+00   6.39031e-01  -7.96747e-03  -7.13979e-02   1.11594e+00  -7.69663e-01 
  2.34533e+00   6.38068e-01  -1.38010e-02  -6.14987e-02   1.04993e+00  -7.32593e-01 
  2.43664e+00   6.36565e-01  -1.89826e-02  -5.21417e-02   9.84767e-01  -6.94740e-01 
  2.53151e+00   6.34543e-01  -2.35046e-02  -4.33391e-02   9.20682e-01  -6.56492e-01 
  2.63007e+00   6.32029e-01  -2.73630e-02  -3.51020e-02   8.57876e-01  -6.18214e-01 
  2.73247e+00   6.29057e-01  -3.05577e-02  -2.74401e-02   7.96531e-01  -5.80246e-01 
  2.83886e+00   6.25665e-01  -3.30929e-02  -2.03618e-02   7.36807e-01  -5.42892e-01 
  2.94939e+00   6.21896e-01  -3.49771e-02  -1.38733e-02   6.78839e-01  -5.06423e-01 
  3.06422e+00   6.17802e-01  -3.62240e-02  -7.97903e-03   6.22740e-01  -4.71073e-01 
  3.18353e+00   6.13436e-01  -3.68519e-02  -2.68071e-03   5.68596e-01  -4.37033e-01 
  3.30747e+00   6.08860e-01  -3.68847e-02   2.02245e-03   5.16474e-01  -4.04457e-01 
  3.43625e+00   6.04139e-01  -3.63515e-02   6.13436e-03   4.66417e-01  -3.73454e-01 
  3.57004e+00   5.99342e-01  -3.52869e-02   9.66217e-03   4.18448e-01  -3.44099e-01 
  3.70903e+00   5.94540e-01  -3.37306e-02   1.26166e-02   3.72574e-01  -3.16427e-01 
  3.85344e+00   5.89810e-01  -3.17280e-02   1.50122e-02   3.28788e-01  -2.90440e-01 
  4.00347e+00   5.85226e-01  -2.93290e-02   1.68671e-02   2.87070e-01  -2.66110e-01 
  4.15935e+00   5.80866e-01  -2.65885e-02   1.82038e-02   2.47394e-01  -2.43384e-01 
  4.32129e+00   5.76803e-01  -2.35653e-02   1.90482e-02   2.09727e-01  -2.22187e-01 
  4.48953e+00   5.73110e-01  -2.03219e-02   1.94302e-02   1.74037e-01  -2.02429e-01 
  4.66433e+00   5.69855e-01  -1.69237e-02   1.93831e-02   1.40292e-01  -1.84009e-01 
  4.84593e+00   5.67099e-01  -1.34383e-02   1.89431e-02   1.08464e-01  -1.66821e-01 
  5.03461e+00   5.64897e-01  -9.93433e-03   1.81493e-02   7.85315e-02  -1.50757e-01 
  5.23063e+00   5.63291e-01  -6.48111e-03   1.70426e-02   5.04797e-02  -1.35716e-01 
  5.43428e+00   5.62316e-01  -3.14727e-03   1.56654e-02   2.43022e-02  -1.21603e-01 
  5.64586e+00   5.61989e-01   4.98961e-10   1.40607e-02   9.24163e-11  -1.08338e-01 
