#  Mixed convection heat transfer in the boundary                   layers on an exponentially stretching surface with magnetic field   
#	   eta            f              f'           f''          theta         dtheta
  0.00000e+00   0.00000e+00   1.00000e+00  -1.28189e+00   1.00000e+00  -3.43556e-01 
  7.50000e-02   7.15304e-02   9.09224e-01  -1.14210e+00   9.74245e-01  -3.43088e-01 
  1.50000e-01   1.36628e-01   8.28228e-01  -1.02060e+00   9.48559e-01  -3.41745e-01 
  2.25000e-01   1.95977e-01   7.55749e-01  -9.14554e-01   9.23003e-01  -3.39614e-01 
  3.00000e-01   2.50176e-01   6.90716e-01  -8.21665e-01   8.97634e-01  -3.36780e-01 
  3.75000e-01   2.99748e-01   6.32218e-01  -7.40012e-01   8.72502e-01  -3.33321e-01 
  4.50000e-01   3.45153e-01   5.79474e-01  -6.67997e-01   8.47650e-01  -3.29311e-01 
  5.25000e-01   3.86796e-01   5.31811e-01  -6.04283e-01   8.23117e-01  -3.24818e-01 
  6.00000e-01   4.25037e-01   4.88652e-01  -5.47746e-01   7.98937e-01  -3.19908e-01 
  6.75000e-01   4.60194e-01   4.49494e-01  -4.97437e-01   7.75140e-01  -3.14639e-01 
  7.50000e-01   4.92550e-01   4.13901e-01  -4.52548e-01   7.51749e-01  -3.09066e-01 
  8.25000e-01   5.22359e-01   3.81493e-01  -4.12396e-01   7.28786e-01  -3.03238e-01 
  9.00000e-01   5.49845e-01   3.51938e-01  -3.76394e-01   7.06269e-01  -2.97200e-01 
  9.75000e-01   5.75213e-01   3.24943e-01  -3.44039e-01   6.84210e-01  -2.90995e-01 
  1.05000e+00   5.98644e-01   3.00252e-01  -3.14900e-01   6.62623e-01  -2.84658e-01 
  1.12500e+00   6.20303e-01   2.77637e-01  -2.88601e-01   6.41514e-01  -2.78225e-01 
  1.20000e+00   6.40337e-01   2.56899e-01  -2.64822e-01   6.20891e-01  -2.71724e-01 
  1.27500e+00   6.58880e-01   2.37858e-01  -2.43279e-01   6.00756e-01  -2.65184e-01 
  1.35000e+00   6.76054e-01   2.20357e-01  -2.23729e-01   5.81114e-01  -2.58627e-01 
  1.42500e+00   6.91969e-01   2.04254e-01  -2.05957e-01   5.61962e-01  -2.52077e-01 
  1.50000e+00   7.06724e-01   1.89424e-01  -1.89777e-01   5.43301e-01  -2.45551e-01 
  1.57500e+00   7.20411e-01   1.75752e-01  -1.75023e-01   5.25128e-01  -2.39067e-01 
  1.65000e+00   7.33113e-01   1.63138e-01  -1.61552e-01   5.07440e-01  -2.32639e-01 
  1.72500e+00   7.44906e-01   1.51490e-01  -1.49234e-01   4.90231e-01  -2.26280e-01 
  1.80000e+00   7.55859e-01   1.40727e-01  -1.37957e-01   4.73496e-01  -2.20000e-01 
  1.87500e+00   7.66035e-01   1.30773e-01  -1.27620e-01   4.57229e-01  -2.13811e-01 
  1.95000e+00   7.75494e-01   1.21563e-01  -1.18134e-01   4.41422e-01  -2.07719e-01 
  2.02500e+00   7.84287e-01   1.13034e-01  -1.09420e-01   4.26068e-01  -2.01732e-01 
  2.10000e+00   7.92464e-01   1.05132e-01  -1.01406e-01   4.11159e-01  -1.95855e-01 
  2.17500e+00   8.00071e-01   9.78072e-02  -9.40298e-02   3.96687e-01  -1.90092e-01 
  2.25000e+00   8.07149e-01   9.10133e-02  -8.72337e-02   3.82643e-01  -1.84449e-01 
  2.32500e+00   8.13735e-01   8.47090e-02  -8.09670e-02   3.69017e-01  -1.78927e-01 
  2.40000e+00   8.19866e-01   7.88562e-02  -7.51837e-02   3.55800e-01  -1.73530e-01 
  2.47500e+00   8.25574e-01   7.34204e-02  -6.98424e-02   3.42984e-01  -1.68258e-01 
  2.55000e+00   8.30889e-01   6.83697e-02  -6.49057e-02   3.30559e-01  -1.63112e-01 
  2.62500e+00   8.35839e-01   6.36752e-02  -6.03399e-02   3.18514e-01  -1.58093e-01 
  2.70000e+00   8.40448e-01   5.93102e-02  -5.61145e-02   3.06841e-01  -1.53201e-01 
  2.77500e+00   8.44743e-01   5.52502e-02  -5.22016e-02   2.95531e-01  -1.48436e-01 
  2.85000e+00   8.48743e-01   5.14728e-02  -4.85762e-02   2.84573e-01  -1.43797e-01 
  2.92500e+00   8.52470e-01   4.79572e-02  -4.52152e-02   2.73958e-01  -1.39282e-01 
  3.00000e+00   8.55943e-01   4.46844e-02  -4.20979e-02   2.63678e-01  -1.34891e-01 
  3.07500e+00   8.59178e-01   4.16369e-02  -3.92051e-02   2.53722e-01  -1.30622e-01 
  3.15000e+00   8.62194e-01   3.87985e-02  -3.65196e-02   2.44081e-01  -1.26473e-01 
  3.22500e+00   8.65003e-01   3.61542e-02  -3.40254e-02   2.34748e-01  -1.22443e-01 
  3.30000e+00   8.67621e-01   3.36903e-02  -3.17080e-02   2.25712e-01  -1.18529e-01 
  3.37500e+00   8.70061e-01   3.13939e-02  -2.95541e-02   2.16965e-01  -1.14730e-01 
  3.45000e+00   8.72334e-01   2.92534e-02  -2.75514e-02   2.08500e-01  -1.11042e-01 
  3.52500e+00   8.74452e-01   2.72577e-02  -2.56887e-02   2.00306e-01  -1.07464e-01 
  3.60000e+00   8.76426e-01   2.53968e-02  -2.39556e-02   1.92377e-01  -1.03993e-01 
  3.67500e+00   8.78265e-01   2.36614e-02  -2.23428e-02   1.84705e-01  -1.00627e-01 
  3.75000e+00   8.79978e-01   2.20426e-02  -2.08415e-02   1.77281e-01  -9.73640e-02 
  3.82500e+00   8.81574e-01   2.05326e-02  -1.94435e-02   1.70098e-01  -9.42007e-02 
  3.90000e+00   8.83061e-01   1.91237e-02  -1.81415e-02   1.63148e-01  -9.11348e-02 
  3.97500e+00   8.84445e-01   1.78091e-02  -1.69286e-02   1.56425e-01  -8.81640e-02 
  4.05000e+00   8.85734e-01   1.65823e-02  -1.57984e-02   1.49921e-01  -8.52858e-02 
  4.12500e+00   8.86934e-01   1.54374e-02  -1.47452e-02   1.43630e-01  -8.24977e-02 
  4.20000e+00   8.88052e-01   1.43688e-02  -1.37635e-02   1.37544e-01  -7.97972e-02 
  4.27500e+00   8.89092e-01   1.33712e-02  -1.28483e-02   1.31658e-01  -7.71821e-02 
  4.35000e+00   8.90059e-01   1.24400e-02  -1.19949e-02   1.25965e-01  -7.46498e-02 
  4.42500e+00   8.90959e-01   1.15706e-02  -1.11990e-02   1.20459e-01  -7.21981e-02 
  4.50000e+00   8.91796e-01   1.07588e-02  -1.04568e-02   1.15133e-01  -6.98246e-02 
  4.57500e+00   8.92574e-01   1.00008e-02  -9.76433e-03   1.09983e-01  -6.75271e-02 
  4.65000e+00   8.93298e-01   9.29299e-03  -9.11834e-03   1.05002e-01  -6.53034e-02 
  4.72500e+00   8.93969e-01   8.63198e-03  -8.51559e-03   1.00186e-01  -6.31513e-02 
  4.80000e+00   8.94593e-01   8.01464e-03  -7.95313e-03   9.55280e-02  -6.10686e-02 
  4.87500e+00   8.95173e-01   7.43807e-03  -7.42822e-03   9.10238e-02  -5.90532e-02 
  4.95000e+00   8.95710e-01   6.89953e-03  -6.93829e-03   8.66684e-02  -5.71032e-02 
  5.02500e+00   8.96208e-01   6.39651e-03  -6.48097e-03   8.24568e-02  -5.52165e-02 
  5.10000e+00   8.96670e-01   5.92663e-03  -6.05406e-03   7.83844e-02  -5.33911e-02 
  5.17500e+00   8.97098e-01   5.48769e-03  -5.65550e-03   7.44466e-02  -5.16253e-02 
  5.25000e+00   8.97494e-01   5.07764e-03  -5.28338e-03   7.06391e-02  -4.99170e-02 
  5.32500e+00   8.97861e-01   4.69457e-03  -4.93592e-03   6.69577e-02  -4.82647e-02 
  5.40000e+00   8.98199e-01   4.33668e-03  -4.61147e-03   6.33981e-02  -4.66663e-02 
  5.47500e+00   8.98512e-01   4.00231e-03  -4.30848e-03   5.99564e-02  -4.51204e-02 
  5.55000e+00   8.98800e-01   3.68991e-03  -4.02552e-03   5.66287e-02  -4.36252e-02 
  5.62500e+00   8.99066e-01   3.39802e-03  -3.76124e-03   5.34114e-02  -4.21791e-02 
  5.70000e+00   8.99310e-01   3.12529e-03  -3.51441e-03   5.03007e-02  -4.07806e-02 
  5.77500e+00   8.99535e-01   2.87045e-03  -3.28386e-03   4.72931e-02  -3.94280e-02 
  5.85000e+00   8.99741e-01   2.63233e-03  -3.06850e-03   4.43854e-02  -3.81201e-02 
  5.92500e+00   8.99930e-01   2.40982e-03  -2.86733e-03   4.15741e-02  -3.68552e-02 
  6.00000e+00   9.00103e-01   2.20190e-03  -2.67940e-03   3.88560e-02  -3.56321e-02 
  6.07500e+00   9.00261e-01   2.00760e-03  -2.50383e-03   3.62282e-02  -3.44493e-02 
  6.15000e+00   9.00404e-01   1.82603e-03  -2.33981e-03   3.36877e-02  -3.33056e-02 
  6.22500e+00   9.00535e-01   1.65636e-03  -2.18657e-03   3.12315e-02  -3.21998e-02 
  6.30000e+00   9.00653e-01   1.49780e-03  -2.04339e-03   2.88568e-02  -3.11305e-02 
  6.37500e+00   9.00760e-01   1.34962e-03  -1.90962e-03   2.65610e-02  -3.00965e-02 
  6.45000e+00   9.00856e-01   1.21113e-03  -1.78463e-03   2.43415e-02  -2.90968e-02 
  6.52500e+00   9.00942e-01   1.08172e-03  -1.66784e-03   2.21956e-02  -2.81303e-02 
  6.60000e+00   9.01018e-01   9.60767e-04  -1.55871e-03   2.01211e-02  -2.71957e-02 
  6.67500e+00   9.01086e-01   8.47731e-04  -1.45674e-03   1.81155e-02  -2.62921e-02 
  6.75000e+00   9.01146e-01   7.42090e-04  -1.36145e-03   1.61765e-02  -2.54185e-02 
  6.82500e+00   9.01198e-01   6.43358e-04  -1.27240e-03   1.43020e-02  -2.45739e-02 
  6.90000e+00   9.01242e-01   5.51084e-04  -1.18919e-03   1.24898e-02  -2.37573e-02 
  6.97500e+00   9.01280e-01   4.64844e-04  -1.11142e-03   1.07377e-02  -2.29677e-02 
  7.05000e+00   9.01312e-01   3.84243e-04  -1.03875e-03   9.04394e-03  -2.22044e-02 
  7.12500e+00   9.01338e-01   3.08912e-04  -9.70836e-04   7.40644e-03  -2.14665e-02 
  7.20000e+00   9.01359e-01   2.38507e-04  -9.07365e-04   5.82336e-03  -2.07530e-02 
  7.27500e+00   9.01374e-01   1.72704e-04  -8.48046e-04   4.29289e-03  -2.00633e-02 
  7.35000e+00   9.01385e-01   1.11203e-04  -7.92607e-04   2.81330e-03  -1.93964e-02 
  7.42500e+00   9.01391e-01   5.37220e-05  -7.40794e-04   1.38288e-03  -1.87517e-02 
  7.50000e+00   9.01393e-01  -1.07534e-09  -6.92368e-04  -1.67459e-09  -1.81285e-02 
